1	1
2	1
3	2
4	3
5	3
6	5
7	6
8	4
9	4
10	9
11	6
12	11
13	10
14	9
15	14
16	5
17	5
18	12
19	18
20	12
21	10
22	7
23	12
24	23
25	21
26	8
27	26
28	20
29	9
30	29
31	30
32	6
33	6
34	33
35	22
36	35
37	9
38	20
39	30
40	39
41	27
42	41
43	8
44	28
45	11
46	12
47	10
48	36
49	24
50	15
51	50
52	51
53	12
54	53
55	18
56	36
57	14
58	44
59	12
60	24
61	55
62	20
63	50
64	7
65	7
66	65
67	18
68	36
69	34
70	69
71	46
72	60
73	14
74	42
75	74
76	15
77	24
78	20
79	26
80	52
81	33
82	81
83	20
84	83
85	78
86	9
87	86
88	60
89	29
90	89
91	90
92	60
93	18
94	40
95	18
96	95
97	48
98	12
99	98
100	99
101	33
102	84
103	10
104	66
105	45
106	105
107	70
108	28
109	15
110	18
111	24
112	37
113	60
114	113
115	38
116	30
117	29
118	92
119	78
120	119
121	12
122	81
123	84
124	36
125	41
126	25
127	110
128	8
129	8
130	36
131	84
132	131
133	26
134	22
135	134
136	135
137	12
138	20
139	46
140	30
141	35
142	47
143	36
144	60
145	68
146	48
147	146
148	116
149	45
150	132
151	42
152	100
153	30
154	51
155	102
156	155
157	78
158	12
159	158
160	140
161	53
162	72
163	30
164	36
165	69
166	15
167	36
168	132
169	21
170	28
171	10
172	147
173	44
174	173
175	174
176	36
177	44
178	140
179	24
180	179
181	171
182	55
183	36
184	183
185	60
186	156
187	186
188	100
189	42
190	189
191	14
192	191
193	60
194	21
195	194
196	88
197	65
198	156
199	22
200	18
201	100
202	60
203	108
204	180
205	102
206	68
207	174
208	164
209	69
210	209
211	210
212	138
213	40
214	60
215	60
216	43
217	36
218	28
219	198
220	73
221	42
222	221
223	44
224	148
225	112
226	20
227	30
228	12
229	38
230	72
231	230
232	231
233	20
234	233
235	66
236	52
237	35
238	180
239	156
240	239
241	18
242	66
243	48
244	243
245	81
246	245
247	56
248	60
249	105
250	83
251	166
252	251
253	50
254	156
255	254
256	9
257	9
258	204
259	230
260	172
261	130
262	261
263	60
264	40
265	253
266	87
267	30
268	212
269	89
270	210
271	270
272	180
273	18
274	273
275	60
276	252
277	39
278	36
279	278
280	84
281	40
282	281
283	14
284	54
285	142
286	57
287	190
288	220
289	72
290	96
291	246
292	260
293	12
294	293
295	90
296	196
297	74
298	24
299	198
300	299
301	25
302	33
303	220
304	303
305	84
306	276
307	306
308	20
309	77
310	309
311	198
312	33
313	250
314	45
315	72
316	45
317	105
318	28
319	84
320	210
321	32
322	107
323	28
324	323
325	145
326	30
327	326
328	260
329	18
330	329
331	330
332	24
333	36
334	308
335	74
336	60
337	24
338	180
339	338
340	48
341	113
342	11
343	34
344	76
345	78
346	115
347	30
348	276
349	40
350	58
351	350
352	36
353	92
354	300
355	354
356	78
357	55
358	60
359	238
360	359
361	51
362	24
363	70
364	121
365	243
366	56
367	122
368	84
369	165
370	123
371	36
372	371
373	74
374	123
375	318
376	375
377	25
378	60
379	378
380	110
381	190
382	36
383	24
384	348
385	192
386	16
387	386
388	20
389	36
390	180
391	70
392	252
393	26
394	393
395	262
396	84
397	30
398	52
399	398
400	184
401	66
402	90
403	132
404	268
405	202
406	135
407	270
408	324
409	63
410	12
411	410
412	411
413	20
414	413
415	414
416	92
417	168
418	332
419	90
420	419
421	406
422	35
423	78
424	330
425	47
426	396
427	426
428	36
429	214
430	429
431	60
432	431
433	86
434	136
435	390
436	132
437	48
438	300
439	438
440	292
441	55
442	441
443	116
444	443
445	21
446	135
447	414
448	356
449	132
450	140
451	104
452	42
453	90
454	453
455	300
456	91
457	205
458	60
459	390
460	153
461	51
462	420
463	90
464	102
465	232
466	126
467	310
468	40
469	117
470	156
471	470
472	220
473	36
474	473
475	36
476	316
477	34
478	380
479	140
480	204
481	155
482	159
483	96
484	483
485	72
486	97
487	138
488	60
489	244
490	110
491	36
492	491
493	98
494	138
495	154
496	495
497	15
498	396
499	166
500	36
501	60
502	232
503	132
504	468
505	252
506	42
507	46
508	84
509	84
510	509
511	170
512	10
513	10
514	156
515	294
516	515
517	129
518	132
519	120
520	519
521	173
522	444
523	180
524	348
525	131
526	175
527	108
528	420
529	15
530	88
531	530
532	531
533	140
534	240
535	178
536	24
537	126
538	140
539	358
540	492
541	253
542	171
543	60
544	543
545	165
546	545
547	182
548	36
549	137
550	156
551	366
552	29
553	24
554	180
555	554
556	100
557	156
558	148
559	558
560	372
561	261
562	561
563	300
564	231
565	282
566	84
567	510
568	452
569	189
570	264
571	162
572	42
573	38
574	180
575	382
576	575
577	144
578	60
579	132
580	180
581	63
582	83
583	116
584	388
585	249
586	585
587	88
588	460
589	265
590	195
591	118
592	156
593	156
594	593
595	70
596	44
597	149
598	476
599	18
600	180
601	150
602	200
603	24
604	280
605	60
606	516
607	606
608	324
609	76
610	572
611	180
612	611
613	420
614	204
615	614
616	615
617	204
618	36
619	618
620	174
621	72
622	140
623	164
624	28
625	78
626	69
627	534
628	100
629	209
630	629
631	48
632	420
633	220
634	180
635	414
636	20
637	99
638	40
639	638
640	639
641	60
642	641
643	16
644	60
645	161
646	645
647	86
648	36
649	324
650	72
651	650
652	651
653	84
654	653
655	120
656	198
657	150
658	524
659	146
660	659
661	30
662	126
663	130
664	221
665	221
666	605
667	70
668	44
669	285
670	204
671	444
672	312
673	134
674	224
675	630
676	96
677	20
678	540
679	638
680	30
681	340
682	644
683	12
684	683
685	666
686	76
687	686
688	100
689	216
690	588
691	690
692	460
693	46
694	18
695	462
696	636
697	99
698	60
699	70
700	233
701	233
702	660
703	140
704	66
705	352
706	328
707	156
708	188
709	18
710	35
711	84
712	237
713	180
714	713
715	42
716	468
717	179
718	60
719	478
720	719
721	65
722	36
723	136
724	723
725	66
726	725
727	726
728	48
729	115
730	243
731	486
732	90
733	146
734	81
735	42
736	245
737	245
738	580
739	210
740	56
741	185
742	741
743	180
744	743
745	372
746	210
747	746
748	132
749	83
750	749
751	234
752	498
753	84
754	340
755	502
756	755
757	88
758	100
759	90
760	105
761	156
762	761
763	30
764	508
765	345
766	765
767	18
768	204
769	182
770	27
771	66
772	771
773	204
774	24
775	774
776	230
777	97
778	620
779	516
780	779
781	111
782	260
783	78
784	783
785	261
786	785
787	660
788	60
789	369
790	263
791	40
792	791
793	158
794	506
795	678
796	252
797	261
798	140
799	266
800	60
801	200
802	228
803	212
804	803
805	201
806	267
807	26
808	72
809	210
810	809
811	810
812	540
813	150
814	271
815	180
816	87
817	385
818	36
819	818
820	740
821	273
822	260
823	276
824	180
825	48
826	84
827	252
828	60
829	46
830	78
831	30
832	831
833	36
834	833
835	834
836	556
837	357
838	660
839	84
840	99
841	410
842	120
843	84
844	24
845	281
846	198
847	846
848	28
849	424
850	283
851	162
852	780
853	20
854	284
855	122
856	812
857	57
858	588
859	200
860	570
861	215
862	287
863	220
864	260
865	36
866	144
867	866
868	692
869	96
870	828
871	870
872	246
873	174
874	873
875	260
876	408
877	73
878	36
879	150
880	879
881	293
882	140
883	88
884	90
885	210
886	330
887	588
888	140
889	37
890	148
891	102
892	891
893	24
894	893
895	298
896	198
897	405
898	716
899	598
900	48
901	25
902	50
903	684
904	276
905	99
906	181
907	252
908	220
909	429
910	424
911	606
912	911
913	180
914	84
915	290
916	305
917	276
918	732
919	830
920	612
921	393
922	144
923	60
924	923
925	301
926	77
927	72
928	156
929	309
930	780
931	930
932	594
933	186
934	933
935	66
936	935
937	468
938	500
939	938
940	939
941	45
942	804
943	42
944	72
945	236
946	60
947	90
948	756
949	135
950	105
951	950
952	860
953	28
954	953
955	902
956	84
957	239
958	764
959	630
960	900
961	56
962	64
963	60
964	460
965	107
966	965
967	322
968	84
969	222
970	276
971	646
972	924
973	194
974	145
975	974
976	975
977	30
978	88
979	306
980	652
981	234
982	60
983	260
984	210
985	445
986	18
987	986
988	780
989	329
990	989
991	282
992	660
993	22
994	993
995	24
996	180
997	498
998	36
999	998
1000	333