1	1
2	1
3	2
4	3
5	3
6	5
7	6
8	4
9	4
10	9
11	6
12	11
13	10
14	9
15	14
16	5
17	5
18	12
19	18
20	12
21	10
22	7
23	12
24	23
25	21
26	8
27	26
28	20
29	9
30	29
31	30
32	6
33	6
34	33
35	22
36	35
37	9
38	20
39	30
40	39
41	27
42	41
43	8
44	28
45	11
46	12
47	10
48	36
49	24
50	15
51	50
52	51
53	12
54	53
55	18
56	36
57	14
58	44
59	12
60	24
61	55
62	20
63	50
64	7
65	7
66	65
67	18
68	36
69	34
70	69
71	46
72	60
73	14
74	42
75	74
76	15
77	24
78	20
79	26
80	52
81	33
82	81
83	20
84	83
85	78
86	9
87	86
88	60
89	29
90	89
91	90
92	60
93	18
94	40
95	18
96	95
97	48
98	12
99	98
100	99
101	33
102	84
103	10
104	66
105	45
106	105
107	70
108	28
109	15
110	18
111	24
112	37
113	60
114	113
115	38
116	30
117	29
118	92
119	78
120	119
121	12
122	81
123	84
124	36
125	41
126	25
127	110
128	8
129	8
130	36
131	84
132	131
133	26
134	22
135	134
136	135
137	12
138	20
139	46
140	30
141	35
142	47
143	36
144	60
145	68
146	48
147	146
148	116
149	45
150	132
151	42
152	100
153	30
154	51
155	102
156	155
157	78
158	12
159	158
160	140
161	53
162	72
163	30
164	36
165	69
166	15
167	36
168	132
169	21
170	28
171	10
172	147
173	44
174	173
175	174
176	36
177	44
178	140
179	24
180	179
181	171
182	55
183	36
184	183
185	60
186	156
187	186
188	100
189	42
190	189
191	14
192	191
193	60
194	21
195	194
196	88
197	65
198	156
199	22
200	18
201	100
202	60
203	108
204	180
205	102
206	68
207	174
208	164
209	69
210	209
211	210
212	138
213	40
214	60
215	60
216	43
217	36
218	28
219	198
220	73
221	42
222	221
223	44
224	148
225	112
226	20
227	30
228	12
229	38
230	72
231	230
232	231
233	20
234	233
235	66
236	52
237	35
238	180
239	156
240	239
241	18
242	66
243	48
244	243
245	81
246	245
247	56
248	60
249	105
250	83
251	166
252	251
253	50
254	156
255	254
256	9
257	9
258	204
259	230
260	172
261	130
262	261
263	60
264	40
265	253
266	87
267	30
268	212
269	89
270	210
271	270
272	180
273	18
274	273
275	60
276	252
277	39
278	36
279	278
280	84
281	40
282	281
283	14
284	54
285	142
286	57
287	190
288	220
289	72
290	96
291	246
292	260
293	12
294	293
295	90
296	196
297	74
298	24
299	198
300	299
301	25
302	33
303	220
304	303
305	84
306	276
307	306
308	20
309	77
310	309
311	198
312	33
313	250
314	45
315	72
316	45
317	105
318	28
319	84
320	210
321	32
322	107
323	28
324	323
325	145
326	30
327	326
328	260
329	18
330	329
331	330
332	24
333	36
334	308
335	74
336	60
337	24
338	180
339	338
340	48
341	113
342	11
343	34
344	76
345	78
346	115
347	30
348	276
349	40
350	58
351	350
352	36
353	92
354	300
355	354
356	78
357	55
358	60
359	238
360	359
361	51
362	24
363	70
364	121
365	243
366	56
367	122
368	84
369	165
370	123
371	36
372	371
373	74
374	123
375	318
376	375
377	25
378	60
379	378
380	110
381	190
382	36
383	24
384	348
385	192
386	16
387	386
388	20
389	36
390	180
391	70
392	252
393	26
394	393
395	262
396	84
397	30
398	52
399	398
400	184
401	66
402	90
403	132
404	268
405	202
406	135
407	270
408	324
409	63
410	12
411	410
412	411
413	20
414	413
415	414
416	92
417	168
418	332
419	90
420	419
421	406
422	35
423	78
424	330
425	47
426	396
427	426
428	36
429	214
430	429
431	60
432	431
433	86
434	136
435	390
436	132
437	48
438	300
439	438
440	292
441	55
442	441
443	116
444	443
445	21
446	135
447	414
448	356
449	132
450	140
451	104
452	42
453	90
454	453
455	300
456	91
457	205
458	60
459	390
460	153
461	51
462	420
463	90
464	102
465	232
466	126
467	310
468	40
469	117
470	156
471	470
472	220
473	36
474	473
475	36
476	316
477	34
478	380
479	140
480	204
481	155
482	159
483	96
484	483
485	72
486	97
487	138
488	60
489	244
490	110
491	36
492	491
493	98
494	138
495	154
496	495
497	15
498	396
499	166
500	36
501	60
502	232
503	132
504	468
505	252
506	42
507	46
508	84
509	84
510	509
511	170
512	10
513	10
514	156
515	294
516	515
517	129
518	132
519	120
520	519
521	173
522	444
523	180
524	348
525	131
526	175
527	108
528	420
529	15
530	88
531	530
532	531
533	140
534	240
535	178
536	24
537	126
538	140
539	358
540	492
541	253
542	171
543	60
544	543
545	165
546	545
547	182
548	36
549	137
550	156
551	366
552	29
553	24
554	180
555	554
556	100
557	156
558	148
559	558
560	372
561	261
562	561
563	300
564	231
565	282
566	84
567	510
568	452
569	189
570	264
571	162
572	42
573	38
574	180
575	382
576	575
577	144
578	60
579	132
580	180
581	63
582	83
583	116
584	388
585	249
586	585
587	88
588	460
589	265
590	195
591	118
592	156
593	156
594	593
595	70
596	44
597	149
598	476
599	18
600	180
601	150
602	200
603	24
604	280
605	60
606	516
607	606
608	324
609	76
610	572
611	180
612	611
613	420
614	204
615	614
616	615
617	204
618	36
619	618
620	174
621	72
622	140
623	164
624	28
625	78
626	69
627	534
628	100
629	209
630	629
631	48
632	420
633	220
634	180
635	414
636	20
637	99
638	40
639	638
640	639
641	60
642	641
643	16
644	60
645	161
646	645
647	86
648	36
649	324
650	72
651	650
652	651
653	84
654	653
655	120
656	198
657	150
658	524
659	146
660	659
661	30
662	126
663	130
664	221
665	221
666	605
667	70
668	44
669	285
670	204
671	444
672	312
673	134
674	224
675	630
676	96
677	20
678	540
679	638
680	30
681	340
682	644
683	12
684	683
685	666
686	76
687	686
688	100
689	216
690	588
691	690
692	460
693	46
694	18
695	462
696	636
697	99
698	60
699	70
700	233
701	233
702	660
703	140
704	66
705	352
706	328
707	156
708	188
709	18
710	35
711	84
712	237
713	180
714	713
715	42
716	468
717	179
718	60
719	478
720	719
721	65
722	36
723	136
724	723
725	66
726	725
727	726
728	48
729	115
730	243
731	486
732	90
733	146
734	81
735	42
736	245
737	245
738	580
739	210
740	56
741	185
742	741
743	180
744	743
745	372
746	210
747	746
748	132
749	83
750	749
751	234
752	498
753	84
754	340
755	502
756	755
757	88
758	100
759	90
760	105
761	156
762	761
763	30
764	508
765	345
766	765
767	18
768	204
769	182
770	27
771	66
772	771
773	204
774	24
775	774
776	230
777	97
778	620
779	516
780	779
781	111
782	260
783	78
784	783
785	261
786	785
787	660
788	60
789	369
790	263
791	40
792	791
793	158
794	506
795	678
796	252
797	261
798	140
799	266
800	60
801	200
802	228
803	212
804	803
805	201
806	267
807	26
808	72
809	210
810	809
811	810
812	540
813	150
814	271
815	180
816	87
817	385
818	36
819	818
820	740
821	273
822	260
823	276
824	180
825	48
826	84
827	252
828	60
829	46
830	78
831	30
832	831
833	36
834	833
835	834
836	556
837	357
838	660
839	84
840	99
841	410
842	120
843	84
844	24
845	281
846	198
847	846
848	28
849	424
850	283
851	162
852	780
853	20
854	284
855	122
856	812
857	57
858	588
859	200
860	570
861	215
862	287
863	220
864	260
865	36
866	144
867	866
868	692
869	96
870	828
871	870
872	246
873	174
874	873
875	260
876	408
877	73
878	36
879	150
880	879
881	293
882	140
883	88
884	90
885	210
886	330
887	588
888	140
889	37
890	148
891	102
892	891
893	24
894	893
895	298
896	198
897	405
898	716
899	598
900	48
901	25
902	50
903	684
904	276
905	99
906	181
907	252
908	220
909	429
910	424
911	606
912	911
913	180
914	84
915	290
916	305
917	276
918	732
919	830
920	612
921	393
922	144
923	60
924	923
925	301
926	77
927	72
928	156
929	309
930	780
931	930
932	594
933	186
934	933
935	66
936	935
937	468
938	500
939	938
940	939
941	45
942	804
943	42
944	72
945	236
946	60
947	90
948	756
949	135
950	105
951	950
952	860
953	28
954	953
955	902
956	84
957	239
958	764
959	630
960	900
961	56
962	64
963	60
964	460
965	107
966	965
967	322
968	84
969	222
970	276
971	646
972	924
973	194
974	145
975	974
976	975
977	30
978	88
979	306
980	652
981	234
982	60
983	260
984	210
985	445
986	18
987	986
988	780
989	329
990	989
991	282
992	660
993	22
994	993
995	24
996	180
997	498
998	36
999	998
1000	333
1001	308
1002	143
1003	200
1004	222
1005	420
1006	201
1007	60
1008	60
1009	168
1010	48
1011	322
1012	408
1013	540
1014	1013
1015	1014
1016	676
1017	477
1018	180
1019	48
1020	1019
1021	78
1022	339
1023	102
1024	11
1025	11
1026	876
1027	1026
1028	68
1029	440
1030	140
1031	228
1032	1031
1033	348
1034	156
1035	1034
1036	36
1037	115
1038	820
1039	330
1040	90
1041	520
1042	1041
1043	276
1044	1043
1045	29
1046	40
1047	132
1048	836
1049	174
1050	1049
1051	190
1052	700
1053	210
1054	42
1055	36
1056	1055
1057	22
1058	276
1059	252
1060	324
1061	300
1062	480
1063	200
1064	708
1065	266
1066	1065
1067	234
1068	60
1069	534
1070	110
1071	1070
1072	51
1073	60
1074	252
1075	102
1076	714
1077	538
1078	172
1079	718
1080	56
1081	540
1082	102
1083	72
1084	980
1085	24
1086	996
1087	130
1088	140
1089	465
1090	363
1091	242
1092	1044
1093	396
1094	729
1095	990
1096	156
1097	56
1098	292
1099	1014
1100	244
1101	35
1102	367
1103	84
1104	1103
1105	1081
1106	165
1107	1106
1108	884
1109	123
1110	948
1111	1110
1112	36
1113	220
1114	520
1115	742
1116	528
1117	420
1118	148
1119	1118
1120	1119
1121	369
1122	1121
1123	224
1124	318
1125	258
1126	375
1127	750
1128	20
1129	90
1130	75
1131	72
1132	45
1133	60
1134	1133
1135	1134
1136	756
1137	284
1138	60
1139	330
1140	364
1141	95
1142	380
1143	38
1144	381
1145	36
1146	1092
1147	1146
1148	72
1149	574
1150	495
1151	348
1152	483
1153	230
1154	384
1155	1154
1156	1155
1157	48
1158	924
1159	30
1160	772
1161	105
1162	1100
1163	20
1164	1068
1165	136
1166	36
1167	1166
1168	932
1169	180
1170	1169
1171	390
1172	70
1173	132
1174	391
1175	756
1176	47
1177	90
1178	52
1179	1178
1180	21
1181	393
1182	552
1183	140
1184	786
1185	561
1186	1185
1187	84
1188	900
1189	594
1190	60
1191	238
1192	397
1193	156
1194	30
1195	1194
1196	796
1197	299
1198	956
1199	184
1200	1199
1201	1029
1202	198
1203	18
1204	1148
1205	90
1206	241
1207	126
1208	132
1209	604
1210	580
1211	804
1212	1211
1213	240
1214	404
1215	1038
1216	120
1217	135
1218	972
1219	1218
1220	270
1221	305
1222	348
1223	324
1224	1223
1225	195
1226	63
1227	370
1228	980
1229	36
1230	1229
1231	1166
1232	820
1233	56
1234	1233
1235	822
1236	264
1237	309
1238	60
1239	1238
1240	396
1241	413
1242	1140
1243	420
1244	828
1245	585
1246	1196
1247	276
1248	332
1249	565
1250	168
1251	30
1252	1251
1253	332
1254	396
1255	96
1256	270
1257	537
1258	1004
1259	838
1260	380
1261	630
1262	812
1263	50
1264	342
1265	105
1266	1265
1267	296
1268	156
1269	203
1270	1269
1271	330
1272	1271
1273	254
1274	141
1275	1274
1276	1275
1277	396
1278	36
1279	1278
1280	852
1281	294
1282	290
1283	36
1284	120
1285	183
1286	428
1287	410
1288	1020
1289	429
1290	1289
1291	308
1292	60
1293	460
1294	396
1295	862
1296	1295
1297	81
1298	172
1299	1092
1300	308
1301	408
1302	612
1303	130
1304	390
1305	652
1306	372
1307	132
1308	1044
1309	654
1310	144
1311	1310
1312	420
1313	300
1314	1260
1315	1190
1316	876
1317	658
1318	40
1319	876
1320	84
1321	207
1322	110
1323	1012
1324	1323
1325	441
1326	120
1327	378
1328	348
1329	83
1330	1329
1331	886
1332	1331
1333	30
1334	42
1335	104
1336	445
1337	405
1338	1060
1339	1338
1340	414
1341	573
1342	1341
1343	356
1344	79
1345	112
1346	132
1347	1346
1348	420
1349	140
1350	1349
1351	36
1352	104
1353	270
1354	1353
1355	42
1356	1355
1357	678
1358	180
1359	180
1360	1359
1361	453
1362	1164
1363	90
1364	900
1365	682
1366	13
1367	182
1368	1092
1369	264
1370	205
1371	1370
1372	420
1373	60
1374	660
1375	458
1376	390
1377	688
1378	252
1379	306
1380	55
1381	25
1382	51
1383	156
1384	461
1385	420
1386	648
1387	1334
1388	180
1389	694
1390	132
1391	306
1392	110
1393	278
1394	464
1395	1394
1396	465
1397	126
1398	84
1399	1398
1400	930
1401	700
1402	1401
1403	40
1404	600
1405	1378
1406	234
1407	336
1408	1124
1409	156
1410	1409
1411	60
1412	940
1413	70
1414	80
1415	220
1416	1332
1417	59
1418	108
1419	1418
1420	664
1421	473
1422	1421
1423	142
1424	36
1425	180
1426	1425
1427	948
1428	228
1429	51
1430	68
1431	1430
1432	204
1433	380
1434	1380
1435	90
1436	420
1437	312
1438	1100
1439	204
1440	1439
1441	231
1442	310
1443	144
1444	1443
1445	477
1446	1218
1447	1310
1448	96
1449	724
1450	444
1451	966
1452	1451
1453	492
1454	72
1455	1454
1456	140
1457	97
1458	260
1459	486
1460	138
1461	77
1462	468
1463	60
1464	1463
1465	350
1466	488
1467	1254
1468	1172
1469	110
1470	1469
1471	344
1472	36
1473	180
1474	420
1475	982
1476	1356
1477	246
1478	196
1479	1478
1480	1340
1481	138
1482	1481
1483	74
1484	154
1485	371
1486	55
1487	990
1488	120
1489	114
1490	15
1491	270
1492	468
1493	396
1494	1428
1495	420
1496	332
1497	180
1498	1196
1499	108
1500	1499
1501	750
1502	60
1503	100
1504	240
1505	232
1506	1505
1507	1430
1508	132
1509	129
1510	1509
1511	468
1512	1511
1513	220
1514	504
1515	348
1516	72
1517	42
1518	1212
1519	1518
1520	92
1521	760
1522	712
1523	84
1524	460
1525	381
1526	252
1527	70
1528	276
1529	509
1530	198
1531	102
1532	340
1533	306
1534	1533
1535	30
1536	1476
1537	219
1538	20
1539	360
1540	1539
1541	156
1542	1541
1543	308
1544	294
1545	386
1546	35
1547	1030
1548	1236
1549	81
1550	129
1551	1326
1552	1484
1553	396
1554	1428
1555	222
1556	120
1557	235
1558	132
1559	1038
1560	1559
1561	78
1562	519
1563	1250
1564	1508
1565	444
1566	100
1567	24
1568	180
1569	392
1570	126
1571	348
1572	672
1573	72
1574	131
1575	1518
1576	748
1577	175
1578	180
1579	60
1580	324
1581	126
1582	527
1583	420
1584	1583
1585	792
1586	30
1587	1494
1588	140
1589	264
1590	680
1591	530
1592	1060
1593	84
1594	1593
1595	1062
1596	55
1597	255
1598	420
1599	1518
1600	228
1601	240
1602	1601
1603	64
1604	356
1605	802
1606	468
1607	72
1608	428
1609	402
1610	252
1611	322
1612	1460
1613	140
1614	1380
1615	538
1616	1074
1617	390
1618	1292
1619	492
1620	780
1621	231
1622	506
1623	580
1624	760
1625	171
1626	325
1627	1626
1628	60
1629	407
1630	543
1631	1086
1632	300
1633	326
1634	495
1635	1398
1636	545
1637	545
1638	260
1639	14
1640	364
1641	96
1642	462
1643	36
1644	1548
1645	660
1646	137
1647	396
1648	1316
1649	156
1650	1649
1651	330
1652	366
1653	330
1654	1653
1655	58
1656	210
1657	414
1658	24
1659	530
1660	1659
1661	540
1662	1661
1663	180
1664	1108
1665	832
1666	111
1667	100
1668	308
1669	805
1670	156
1671	48
1672	557
1673	148
1674	1673
1675	392
1676	1116
1677	717
1678	60
1679	372
1680	1679
1681	84
1682	261
1683	48
1684	36
1685	561
1686	1685
1687	562
1688	900
1689	255
1690	180
1691	462
1692	792
1693	338
1694	564
1695	242
1696	113
1697	84
1698	48
1699	546
1700	510
1701	801
1702	820
1703	452
1704	1703
1705	243
1706	189
1707	1706
1708	44
1709	264
1710	1572
1711	310
1712	162
1713	170
1714	1628
1715	126
1716	207
1717	858
1718	76
1719	1470
1720	180
1721	180
1722	780
1723	78
1724	1146
1725	431
1726	168
1727	1150
1728	460
1729	288
1730	288
1731	1730
1732	577
1733	60
1734	1733
1735	1734
1736	132
1737	165
1738	1380
1739	180
1740	105
1741	1711
1742	189
1743	40
1744	1580
1745	83
1746	1745
1747	498
1748	116
1749	402
1750	1749
1751	1164
1752	140
1753	350
1754	498
1755	1540
1756	1755
1757	585
1758	36
1759	1758
1760	264
1761	753
1762	540
1763	460
1764	1763
1765	441
1766	265
1767	1766
1768	300
1769	585
1770	1769
1771	118
1772	236
1773	354
1774	1773
1775	156
1776	1716
1777	360
1778	156
1779	1778
1780	1779
1781	593
1782	1524
1783	220
1784	140
1785	287
1786	1785
1787	132
1788	60
1789	63
1790	149
1791	1790
1792	1791
1793	476
1794	840
1795	144
1796	18
1797	898
1798	1436
1799	180
1800	1740
1801	138
1802	300
1803	204
1804	601
1805	600
1806	572
1807	1806
1808	24
1809	904
1810	690
1811	280
1812	1811
1813	350
1814	60
1815	1710
1816	605
1817	516
1818	484
1819	1818
1820	1212
1821	15
1822	1821
1823	972
1824	780
1825	220
1826	152
1827	420
1828	56
1829	572
1830	1829
1831	522
1832	180
1833	122
1834	288
1835	1222
1836	1835
1837	459
1838	420
1839	1838
1840	564
1841	204
1842	28
1843	660
1844	1228
1845	120
1846	1845
1847	1230
1848	492
1849	924
1850	612
1851	1850
1852	759
1853	36
1854	210
1855	1854
1856	1236
1857	897
1858	1484
1859	174
1860	1859
1861	1830
1862	72
1863	370
1864	1863
1865	140
1866	60
1867	1866
1868	492
1869	450
1870	267
1871	28
1872	1764
1873	636
1874	156
1875	1782
1876	110
1877	207
1878	1500
1879	408
1880	534
1881	94
1882	1820
1883	100
1884	1883
1885	942
1886	627
1887	1470
1888	60
1889	629
1890	1889
1891	198
1892	48
1893	378
1894	540
1895	420
1896	296
1897	948
1898	220
1899	1898
1900	1820
1901	180
1902	1901
1903	190
1904	1242
1905	438
1906	612
1907	20
1908	36
1909	865
1910	99
1911	382
1912	637
1913	120
1914	154
1915	546
1916	1276
1917	479
1918	348
1919	1278
1920	1740
1921	913
1922	60
1923	384
1924	1923
1925	641
1926	1925
1927	1926
1928	16
1929	252
1930	904
1931	180
1932	1931
1933	386
1934	322
1935	468
1936	273
1937	645
1938	100
1939	1938
1940	258
1941	194
1942	440
1943	36
1944	1716
1945	324
1946	648
1947	152
1948	180
1949	72
1950	1668
1951	1886
1952	1300
1953	140
1954	1953
1955	1302
1956	1955
1957	84
1958	252
1959	1958
1960	1959
1961	653
1962	1961
1963	130
1964	120
1965	982
1966	1965
1967	198
1968	1572
1969	35
1970	300
1971	1686
1972	219
1973	524
1974	1973
1975	1790
1976	438
1977	957
1978	84
1979	1318
1980	1908
1981	232
1982	60
1983	30
1984	1983
1985	378
1986	855
1987	238
1988	260
1989	240
1990	1892
1991	442
1992	852
1993	398
1994	663
1995	1994
1996	204
1997	605
1998	184
1999	114
2000	70
2001	500
2002	2001
2003	132
2004	2003
2005	315
2006	570
2007	2006
2008	180
2009	204
2010	2009
2011	2010
2012	1332
2013	660
2014	671
2015	312
2016	1932
2017	18
2018	268
2019	1830
2020	144
2021	672
2022	1860
2023	202
2024	630
2025	253
2026	25
2027	96
2028	540
2029	169
2030	60
2031	130
2032	952
2033	540
2034	1722
2035	78
2036	638
2037	1018
2038	1620
2039	90
2040	2039
2041	780
2042	680
2043	252
2044	660
2045	644
2046	2045
2047	2046
2048	12
2049	12
2050	2049
2051	1366
2052	1860
2053	410
2054	1332
2055	1758
2056	2055
2057	228
2058	1644
2059	1958
2060	1372
2061	474
2062	90
2063	100
2064	2063
2065	344
2066	648
2067	2066
2068	1652
2069	588
2070	2069
2071	50
2072	1380
2073	414
2074	420
2075	1380
2076	444
2077	173
2078	92
2079	2078
2080	2079
2081	18
2082	1980
2083	168
2084	462
2085	945
2086	336
2087	636
2088	1660
2089	87
2090	198
2091	126
2092	253
2093	180
2094	156
2095	2030
2096	70
2097	897
2098	1676
2099	466
2100	72
2101	525
2102	699
2103	406
2104	75
2105	660
2106	421
2107	1910
2108	140
2109	527
2110	2109
2111	66
2112	1020
2113	390
2114	704
2115	2114
2116	2115
2117	328
2118	660
2119	666
2120	468
2121	1060
2122	2121
2123	188
2124	340
2125	303
2126	36
2127	2126
2128	396
2129	105
2130	2129
2131	2130
2132	84
2133	426
2134	200
2135	474
2136	305
2137	267
2138	180
2139	276
2140	1940
2141	713
2142	2141
2143	214
2144	84
2145	536
2146	612
2147	1404
2148	1716
2149	537
2150	358
2151	440
2152	60
2153	60
2154	522
2155	690
2156	1434
2157	1017
2158	1724
2159	1438
2160	462
2161	518
2162	65
2163	430
2164	2163
2165	36
2166	420
2167	618
2168	136
2169	1084
2170	723
2171	1446
2172	700
2173	780
2174	198
2175	2174
2176	684
2177	725
2178	132
2179	2178
2180	1452
2181	231
2182	2181
2183	48
2184	220
2185	16
2186	230
2187	2186
2188	1500
2189	243
2190	420
2191	84
2192	486
2193	438
2194	1060
2195	90
2196	2195
2197	1045
2198	292
2199	2198
2200	2132
2201	81
2202	72
2203	220
2204	84
2205	551
2206	200
2207	490
2208	1764
2209	45
2210	735
2211	170
2212	737
2213	580
2214	522
2215	714
2216	210
2217	60
2218	1772
2219	168
2220	1056
2221	1110
2222	185
2223	84
2224	2223
2225	741
2226	2225
2227	180
2228	540
2229	557
2230	588
2231	1486
2232	2231
2233	828
2234	744
2235	90
2236	1048
2237	210
2238	1780
2239	1980
2240	1492
2241	280
2242	2241
2243	132
2244	192
2245	2211
2246	249
2247	2246
2248	140
2249	749
2250	1020
2251	642
2252	234
2253	104
2254	2253
2255	1494
2256	2076
2257	47
2258	84
2259	2258
2260	753
2261	340
2262	133
2263	90
2264	1506
2265	969
2266	2156
2267	1510
2268	1812
2269	174
2270	88
2271	2142
2272	870
2273	300
2274	2273
2275	758
2276	180
2277	182
2278	364
2279	210
2280	1104
2281	1140
2282	468
2283	820
2284	761
2285	761
2286	1956
2287	536
2288	60
2289	99
2290	72
2291	1524
2292	2291
2293	780
2294	345
2295	264
2296	2295
2297	765
2298	612
2299	766
2300	18
2301	371
2302	2301
2303	204
2304	1080
2305	1045
2306	364
2307	1974
2308	420
2309	81
2310	740
2311	2310
2312	66
2313	450
2314	660
2315	1542
2316	420
2317	70
2318	204
2319	2318
2320	2319
2321	24
2322	211
2323	464
2324	1548
2325	1162
2326	775
2327	690
2328	252
2329	194
2330	97
2331	2262
2332	777
2333	620
2334	2148
2335	924
2336	1548
2337	1168
2338	40
2339	1558
2340	2339
2341	15
2342	222
2343	468
2344	252
2345	780
2346	2345
2347	684
2348	156
2349	60
2350	252
2351	1566
2352	2351
2353	470
2354	261
2355	184
2356	48
2357	785
2358	220
2359	572
2360	660
2361	295
2362	2361
2363	180
2364	2268
2365	394
2366	369
2367	182
2368	1892
2369	263
2370	2028
2371	430
2372	120
2373	36
2374	2300
2375	1582
2376	475
2377	336
2378	316
2379	2310
2380	793
2381	1518
2382	360
2383	34
2384	678
2385	225
2386	732
2387	252
2388	380
2389	280
2390	783
2391	66
2392	2391
2393	140
2394	2393
2395	2394
2396	532
2397	1198
2398	204
2399	60
2400	2399
2401	600
2402	400
2403	620
2404	990
2405	228
2406	376
2407	2406
2408	636
2409	602
2410	780
2411	1606
2412	156
2413	480
2414	402
2415	730
2416	2415
2417	801
2418	1932
2419	690
2420	52
2421	1173
2422	2324
2423	72
2424	2340
2425	186
2426	210
2427	2310
2428	388
2429	809
2430	28
2431	486
2432	1620
2433	276
2434	260
2435	540
2436	487
2437	1105
2438	300
2439	2438
2440	120
2441	271
2442	144
2443	488
2444	180
2445	1222
2446	198
2447	174
2448	220
2449	1189
2450	770
2451	546
2452	2451
2453	36
2454	2100
2455	818
2456	1636
2457	1156
2458	1964
2459	740
2460	2459
2461	36
2462	273
2463	490
2464	756
2465	260
2466	493
2467	2466
2468	276
2469	617
2470	1120
2471	540
2472	2471
2473	308
2474	48
2475	2100
2476	2475
2477	84
2478	1980
2479	2478
2480	252
2481	220
2482	708
2483	60
2484	2483
2485	1242
2486	92
2487	2486
2488	1980
2489	78
2490	2292
2491	584
2492	30
2493	166
2494	2493
2495	1662
2496	165
2497	312
2498	36
2499	2358
2500	357
2501	833
2502	2501
2503	60
2504	1668
2505	1252
2506	2505
2507	1668
2508	232
2509	602
2510	714
2511	502
2512	2511
2513	660
2514	380
2515	2438
2516	84
2517	1077
2518	468
2519	198
2520	2519
2521	2485
2522	820
2523	504
2524	357
2525	360
2526	2525
2527	810
2528	84
2529	582
2530	2529
2531	24
2532	2460
2533	46
2534	843
2535	306
2536	460
2537	198
2538	420
2539	2538
2540	1692
2541	635
2542	264
2543	84
2544	2543
2545	363
2546	848
2547	2310
2548	2036
2549	283
2550	2549
2551	850
2552	486
2553	170
2554	2553
2555	780
2556	2412
2557	213
2558	20
2559	168
2560	2559
2561	852
2562	828
2563	50
2564	244
2565	407
2566	732
2567	812
2568	156
2569	1165
2570	57
2571	624
2572	828
2573	588
2574	2573
2575	270
2576	200
2577	56
2578	2060
2579	1710
2580	330
2581	66
2582	430
2583	516
2584	861
2585	287
2586	2585
2587	246
2588	660
2589	415
2590	2589
2591	260
2592	315
2593	120
2594	36
2595	2594
2596	2492
2597	144
2598	2076
2599	866
2600	1732
2601	1113
2602	385
2603	692
2604	140
2605	217
2606	288
2607	600
2608	444
2609	828
2610	408
2611	2486
2612	1740
2613	180
2614	2613
2615	246
2616	2615
2617	654
2618	348
2619	374
2620	780
2621	873
2622	2226
2623	524
2624	780
2625	630
2626	638
2627	408
2628	700
2629	375
2630	73
2631	2630
2632	828
2633	108
2634	836
2635	2390
2636	150
2637	1318
2638	420
2639	1758
2640	377
2641	1320
2642	879
2643	60
2644	1240
2645	140
2646	180
2647	858
2648	88
2649	331
2650	756
2651	90
2652	2651
2653	530
2654	420
2655	2654
2656	644
2657	330
2658	2124
2659	102
2660	1764
2661	312
2662	887
2663	140
2664	1140
2665	657
2666	37
2667	2666
2668	240
2669	444
2670	315
2671	252
2672	204
2673	178
2674	99
2675	1782
2676	2675
2677	650
2678	24
2679	2430
2680	319
2681	893
2682	860
2683	126
2684	596
2685	348
2686	260
2687	198
2688	700
2689	423
2690	405
2691	538
2692	384
2693	716
2694	2693
2695	632
2696	1794
2697	674
2698	492
2699	48
2700	2699
2701	245
2702	50
2703	1012
2704	2703
2705	150
2706	2316
2707	902
2708	684
2709	1354
2710	21
2711	276
2712	280
2713	60
2714	297
2715	660
2716	2715
2717	181
2718	2172
2719	906
2720	252
2721	272
2722	2721
2723	660
2724	2508
2725	454
2726	858
2727	180
2728	2180
2729	424
2730	2652
2731	14
2732	606
2733	182
2734	210
2735	1822
2736	547
2737	210
2738	180
2739	2738
2740	2739
2741	252
2742	2741
2743	548
2744	290
2745	415
2746	1224
2747	610
2748	156
2749	1309
2750	276
2751	2750
2752	917
2753	732
2754	2753
2755	786
2756	830
2757	666
2758	116
2759	612
2760	2759
2761	1380
2762	786
2763	120
2764	2763
2765	144
2766	395
2767	2510
2768	180
2769	84
2770	2660
2771	1846
2772	264
2773	554
2774	301
2775	890
2776	60
2777	231
2778	100
2779	2778
2780	72
2781	1353
2782	2781
2783	156
2784	2628
2785	232
2786	309
2787	2786
2788	740
2789	780
2790	2388
2791	62
2792	1860
2793	558
2794	180
2795	1782
2796	2795
2797	552
2798	372
2799	672
2800	2540
2801	933
2802	516
2803	1044
2804	66
2805	1365
2806	180
2807	1870
2808	2244
2809	170
2810	936
2811	90
2812	2811
2813	1500
2814	120
2815	72
2816	1876
2817	455
2818	924
2819	1878
2820	2819
2821	282
2822	45
2823	282
2824	2823
2825	804
2826	2825
2827	942
2828	84
2829	1414
2830	2829
2831	72
2832	1212
2833	1020
2834	472
2835	218
2836	2756
2837	60
2838	2260
2839	270
2840	90
2841	396
2842	2841
2843	756
2844	2530
2845	711
2846	270
2847	2846
2848	264
2849	315
2850	1380
2851	2850
2852	1900
2853	324
2854	876
2855	860
2856	571
2857	98
2858	84
2859	2858
2860	126
2861	953
2862	1392
2863	190
2864	902
2865	168
2866	260
2867	84
2868	180
2869	239
2870	478
2871	2870
2872	2871
2873	764
2874	2460
2875	2874
2876	1890
2877	1305
2878	2300
2879	900
2880	2652
2881	411
2882	56
2883	288
2884	117
2885	192
2886	2772
2887	550
2888	60
2889	234
2890	2889
2891	460
2892	2891
2893	132
2894	321
2895	2478
2896	2895
2897	965
2898	180
2899	40
2900	644
2901	1450
2902	828
2903	252
2904	2903
2905	234
2906	444
2907	2906
2908	332
2909	276
2910	2530
2911	194
2912	1938
2913	580
2914	2913
2915	924
2916	1176
2917	153
2918	388
2919	672
2920	2919
2921	435
2922	2921
2923	996
2924	1948
2925	1462
2926	2925
2927	1950
2928	2340
2929	1464
2930	90
2931	586
2932	60
2933	88
2934	419
2935	2934
2936	306
2937	1257
2938	2300
2939	1956
2940	2939
2941	735
2942	468
2943	1060
2944	2436
2945	60
2946	476
2947	2870
2948	780
2949	1474
2950	1384
2951	210
2952	2951
2953	118
2954	445
2955	2790
2956	176
2957	54
2958	156
2959	240
2960	1972
2961	95
2962	2961
2963	780
2964	2963
2965	2310
2966	987
2967	696
2968	2372
2969	989
2970	2969
2971	114
2972	282
2973	70
2974	468
2975	660
2976	540
2977	496
2978	44
2979	396
2980	2900
2981	993
2982	66
2983	596
2984	72
2985	161
2986	852
2987	180
2988	2380
2989	483
2990	996
2991	230
2992	480
2993	36
2994	2993
2995	182
2996	1996
2997	690
2998	180
2999	666
3000	1284
3001	44
3002	924
3003	150
3004	1001
3005	143
3006	3005
3007	858
3008	200
3009	1365
3010	924
3011	666
3012	2844
3013	120
3014	420
3015	3014
3016	324
3017	201
3018	280
3019	1006
3020	60
3021	1293
3022	159
3023	60
3024	3023
3025	1441
3026	336
3027	3026
3028	516
3029	48
3030	738
3031	1260
3032	322
3033	606
3034	3033
3035	408
3036	2796
3037	1518
3038	1620
3039	2958
3040	1013
3041	1013
3042	390
3043	152
3044	2028
3045	761
3046	1015
3047	2028
3048	572
3049	132
3050	477
3051	3050
3052	1432
3053	180
3054	980
3055	370
3056	48
3057	1528
3058	2444
3059	2038
3060	420
3061	765
3062	156
3063	2100
3064	2780
3065	1017
3066	3065
3067	1022
3068	204
3069	1368
3070	876
3071	22
3072	3071
3073	614
3074	33
3075	420
3076	1025
3077	876
3078	2460
3079	2990
3080	2052
3081	150
3082	1027
3083	204
3084	165
3085	495
3086	440
3087	3086
3088	180
3089	140
3090	2988
3091	882
3092	684
3093	618
3094	2948
3095	2062
3096	60
3097	1405
3098	348
3099	3098
3100	3099
3101	156
3102	3101
3103	72
3104	2068
3105	1329
3106	3105
3107	36
3108	140
3109	518
3110	345
3111	622
3112	21
3113	820
3114	2868
3115	3114
3116	330
3117	1485
3118	28
3119	270
3120	1464
3121	3081
3122	1040
3123	78
3124	3123
3125	1041
3126	414
3127	234
3128	276
3129	1564
3130	1420
3131	2086
3132	3131
3133	1068
3134	58
3135	3134
3136	1045
3137	120
3138	100
3139	3138
3140	132
3141	285
3142	1020
3143	836
3144	3143
3145	45
3146	522
3147	420
3148	2516
3149	1049
3150	3149
3151	1050
3152	190
3153	48
3154	312
3155	2100
3156	3155
3157	1537
3158	420
3159	3158
3160	385
3161	42
3162	3161
3163	220
3164	36
3165	1582
3166	972
3167	2110
3168	180
3169	144
3170	44
3171	744
3172	3171
3173	828
3174	720
3175	906
3176	252
3177	397
3178	20
3179	324
3180	3179
3181	53
3182	300
3183	396
3184	3183
3185	480
3186	1012
3187	3186
3188	200
3189	273
3190	3189
3191	708
3192	2940
3193	638
3194	532
3195	3194
3196	1230
3197	1065
3198	2556
3199	3198
3200	702
3201	774
3202	126
3203	60
3204	1036
3205	168
3206	1068
3207	2860
3208	2564
3209	330
3210	2730
3211	1070
3212	2140
3213	80
3214	1071
3215	102
3216	1044
3217	153
3218	60
3219	130
3220	1564
3221	252
3222	1512
3223	644
3224	102
3225	403
3226	1075
3227	2142
3228	2580
3229	1465
3230	1076
3231	420
3232	770
3233	172
3234	1036
3235	3234
3236	2154
3237	1618
3238	180
3239	56
3240	90
3241	405
3242	1080
3243	648
3244	996
3245	102
3246	3245
3247	210
3248	72
3249	99
3250	528
3251	980
3252	1392
3253	650
3254	72
3255	1034
3256	1528
3257	996
3258	2604
3259	882
3260	260
3261	815
3262	740
3263	420
3264	3180
3265	51
3266	930
3267	138
3268	2612
3269	363
3270	3012
3271	210
3272	726
3273	120
3274	3273
3275	1044
3276	3275
3277	117
3278	396
3279	3198
3280	117
3281	2187
3282	193
3283	150
3284	990
3285	821
3286	657
3287	156
3288	2620
3289	1644
3290	168
3291	658
3292	3164
3293	292
3294	2820
3295	2990
3296	2028
3297	1557
3298	2636
3299	732
3300	3299
3301	660
3302	70
3303	30
3304	3303
3305	367
3306	50
3307	776
3308	252
3309	762
3310	3309
3311	2206
3312	3204
3313	650
3314	2162
3315	2838
3316	1044
3317	165
3318	884
3319	3318
3320	2212
3321	266
3322	36
3323	884
3324	1496
3325	90
3326	123
3327	3326
3328	2420
3329	948
3330	3329
3331	1110
3332	2220
3333	140
3334	812
3335	36
3336	204
3337	556
3338	220
3339	3030
3340	159
3341	520
3342	1620
3343	1140
3344	2226
3345	418
3346	3345
3347	528
3348	204
3349	90
3350	420
3351	3350
3352	3351
3353	444
3354	792
3355	3354
3356	2236
3357	1428
3358	312
3359	2238
3360	3359
3361	1380
3362	1107
3363	670
3364	465
3365	1121
3366	364
3367	3366
3368	224
3369	1684
3370	3212
3371	318
3372	3060
3373	1260
3374	516
3375	88
3376	364
3377	375
3378	96
3379	812
3380	750
3381	845
3382	3381
3383	20
3384	3300
3385	483
3386	180
3387	390
3388	540
3389	225
3390	3389
3391	3390
3392	72
3393	1276
3394	385
3395	90
3396	679
3397	849
3398	60
3399	582
3400	1044
3401	1133
3402	3401
3403	680
3404	2268
3405	1545
3406	966
3407	756
3408	644
3409	100
3410	568
3411	3222
3412	3411
3413	60
3414	3413
3415	3414
3416	990
3417	1708
3418	2732
3419	364
3420	1464
3421	855
3422	95
3423	666
3424	1660
3425	1140
3426	120
3427	330
3428	76
3429	857
3430	3249
3431	762
3432	3431
3433	686
3434	36
3435	3434
3436	687
3437	1092
3438	500
3439	3036
3440	2292
3441	1473
3442	3441
3443	216
3444	1680
3445	3403
3446	1148
3447	210
3448	588
3449	495
3450	3449
3451	1122
3452	348
3453	690
3454	3453
3455	966
3456	3455
3457	185
3458	460
3459	3458
3460	360
3461	384
3462	462
3463	230
3464	2308
3465	390
3466	476
3467	2310
3468	36
3469	495
3470	144
3471	90
3472	260
3473	924
3474	3473
3475	3474
3476	30
3477	408
3478	636
3479	2316
3480	497
3481	580
3482	105
3483	396
3484	1161
3485	1100
3486	3485
3487	1098
3488	60
3489	1744
3490	996
3491	1068
3492	3491
3493	140
3494	136
3495	168
3496	3495
3497	36
3498	932
3499	1166
3500	2332
3501	250
3502	3404
3503	932
3504	420
3505	567
3506	180
3507	3506
3508	660
3509	1169
3510	3509
3511	696
3512	780
3513	140
3514	3513
3515	210
3516	429
3517	270
3518	132
3519	1130
3520	3519
3521	391
3522	3521
3523	704
3524	2268
3525	468
3526	320
3527	94
3528	328
3529	196
3530	180
3531	1122
3532	504
3533	156
3534	3420
3535	3534
3536	2356
3537	535
3538	940
3539	42
3540	3539
3541	144
3542	393
3543	18
3544	1116
3545	552
3546	276
3547	430
3548	140
3549	345
3550	380
3551	2358
3552	3551
3553	84
3554	1122
3555	3554
3556	1092
3557	1185
3558	948
3559	3230
3560	84
3561	445
3562	1672
3563	900
3564	3563
3565	891
3566	1188
3567	3054
3568	2852
3569	60
3570	1595
3571	288
3572	476
3573	42
3574	1020
3575	794
3576	325
3577	1705
3578	468
3579	840
3580	3579
3581	30
3582	252
3583	716
3584	2388
3585	1749
3586	700
3587	2388
3588	60
3589	1794
3590	299
3591	1162
3592	3260
3593	956
3594	3593
3595	156
3596	552
3597	1798
3598	2876
3599	2398
3600	1716
3601	189
3602	2058
3603	260
3604	3603
3605	594
3606	3605
3607	1202
3608	36
3609	1545
3610	3609
3611	1148
3612	145
3613	680
3614	90
3615	3614
3616	258
3617	241
3618	2892
3619	3618
3620	126
3621	834
3622	3621
3623	132
3624	3623
3625	1645
3626	1208
3627	3626
3628	2900
3629	580
3630	120
3631	442
3632	2412
3633	726
3634	1092
3635	2422
3636	660
3637	519
3638	240
3639	3438
3640	700
3641	1212
3642	3641
3643	460
3644	1038
3645	882
3646	3476
3647	120
3648	972
3649	1824
3650	135
3651	3108
3652	396
3653	972
3654	3653
3655	522
3656	2436
3657	1785
3658	180
3659	270
3660	3372
3661	610
3662	610
3663	730
3664	344
3665	348
3666	3665
3667	1222
3668	324
3669	1540
3670	1780
3671	2446
3672	786
3673	42
3674	390
3675	3674
3676	525
3677	63
3678	980
3679	1050
3680	370
3681	36
3682	396
3683	980
3684	3588
3685	614
3686	108
3687	900
3688	2900
3689	1229
3690	1196
3691	660
3692	1166
3693	420
3694	902
3695	2460
3696	3492
3697	132
3698	56
3699	426
3700	105
3701	1233
3702	240
3703	740
3704	822
3705	595
3706	3705
3707	264
3708	2964
3709	1854
3710	309
3711	90
3712	228
3713	180
3714	3180
3715	792
3716	2476
3717	1858
3718	2972
3719	396
3720	1204
3721	531
3722	1239
3723	744
3724	3380
3725	1140
3726	3725
3727	112
3728	420
3729	1864
3730	3729
3731	828
3732	584
3733	746
3734	585
3735	240
3736	120
3737	1196
3738	660
3739	3738
3740	828
3741	935
3742	1068
3743	332
3744	197
3745	234
3746	565
3747	406
3748	2996
3749	168
3750	3749
3751	144
3752	60
3753	468
3754	3753
3755	2502
3756	252
3757	55
3758	996
3759	3758
3760	153
3761	396
3762	3761
3763	420
3764	96
3765	941
3766	1768
3767	810
3768	340
3769	628
3770	1074
3771	3770
3772	396
3773	1004
3774	3773
3775	3774
3776	2514
3777	492
3778	3020
3779	380
3780	3779
3781	1890
3782	1260
3783	88
3784	759
3785	2436
3786	924
3787	3786
3788	100
3789	947
3790	780
3791	342
3792	3791
3793	90
3794	315
3795	3794
3796	3795
3797	1265
3798	420
3799	3710
3800	296
3801	115
3802	3801
3803	156
3804	3803
3805	543
3806	203
3807	330
3808	3044
3809	1269
3810	1800
3811	3810
3812	330
3813	150
3814	3668
3815	2542
3816	3516
3817	224
3818	508
3819	3270
3820	1273
3821	423
3822	3821
3823	1380
3824	2548
3825	1912
3826	1092
3827	2550
3828	3060
3829	180
3830	396
3831	3726
3832	624
3833	36
3834	40
3835	3834
3836	2556
3837	1918
3838	1020
3839	852
3840	822
3841	1920
3842	588
3843	182
3844	3843
3845	290
3846	3845
3847	1092
3848	108
3849	623
3850	1283
3851	120
3852	3851
3853	132
3854	366
3855	222
3856	700
3857	1284
3858	3084
3859	3858
3860	410
3861	87
3862	1287
3863	1020
3864	3863
3865	1885
3866	429
3867	180
3868	24
3869	1289
3870	1260
3871	1290
3872	308
3873	774
3874	420
3875	180
3876	231
3877	323
3878	460
3879	3878
3880	3879
3881	396
3882	3324
3883	388
3884	2586
3885	152
3886	612
3887	2590
3888	620
3889	300
3890	162
3891	50
3892	1260
3893	516
3894	3588
3895	3894
3896	1092
3897	974
3898	3116
3899	308
3900	3540
3901	938
3902	1224
3903	444
3904	1260
3905	612
3906	954
3907	300
3908	260
3909	977
3910	1116
3911	390
3912	3911
3913	390
3914	1304
3915	3914
3916	380
3917	372
3918	3132
3919	920
3920	132
3921	980
3922	110
3923	1044
3924	522
3925	1909
3926	1308
3927	3926
3928	3140
3929	432
3930	3780
3931	1122
3932	2620
3933	660
3934	437
3935	420
3936	1848
3937	656
3938	300
3939	3938
3940	3939
3941	1260
3942	3941
3943	1476
3944	1190
3945	1617
3946	1212
3947	876
3948	1052
3949	962
3950	1316
3951	3950
3952	564
3953	40
3954	3953
3955	3590
3956	2628
3957	480
3958	3164
3959	84
3960	3959
3961	979
3962	207
3963	790
3964	1321
3965	330
3966	510
3967	3966
3968	1012
3969	1984
3970	1864
3971	2646
3972	3588
3973	1356
3974	441
3975	3974
3976	3975
3977	120
3978	252
3979	36
3980	378
3981	1881
3982	1327
3983	1044
3984	80
3985	306
3986	83
3987	264
3988	140
3989	1329
3990	3900
3991	3806
3992	2658
3993	266
3994	1134
3995	2662
3996	780
3997	999
3998	60
3999	1210
4000	1260
4001	42
4002	780
4003	400
4004	104
4005	2002
4006	1335
4007	890
4008	228
4009	2004
4010	1215
4011	924
4012	140
4013	1060
4014	3828
4015	180
4016	2676
4017	322
4018	3212
4019	414
4020	4019
4021	280
4022	1146
4023	804
4024	1236
4025	1341
4026	1968
4027	4026
4028	1068
4029	1725
4030	1343
4031	158
4032	1220
4033	26
4034	224
4035	4034
4036	288
4037	396
4038	360
4039	490
4040	2692
4041	505
4042	1972
4043	420
4044	4043
4045	2022
4046	420
4047	4046
4048	3236
4049	1349
4050	132
4051	50
4052	36
4053	810
4054	165
4055	312
4056	4055
4057	180
4058	540
4059	4058
4060	88
4061	1353
4062	4061
4063	750
4064	126
4065	615
4066	3956
4067	2710
4068	1084
4069	663
4070	1356
4071	498
4072	1912
4073	180
4074	4073
4075	140
4076	180
4077	655
4078	348
4079	2718
4080	1980
4081	204
4082	453
4083	1540
4084	1361
4085	1164
4086	4085
4087	3710
4088	180
4089	72
4090	4089
4091	2700
4092	1743
4093	818
4094	1364
4095	774
4096	13
4097	13
4098	740
4099	1170
4100	546
4101	2001
4102	180
4103	1092
4104	1316
4105	1026
4106	264
4107	1330
4108	260
4109	615
4110	4109
4111	4110
4112	2740
4113	1380
4114	72
4115	420
4116	4115
4117	1029
4118	180
4119	4118
4120	1590
4121	660
4122	4121
4123	48
4124	916
4125	252
4126	1332
4127	390
4128	84
4129	1969
4130	1376
4131	750
4132	4131
4133	252
4134	708
4135	4134
4136	306
4137	1034
4138	60
4139	110
4140	1944
4141	1092
4142	25
4143	46
4144	1381
4145	153
4146	4145
4147	4146
4148	156
4149	2074
4150	672
4151	922
4152	3762
4153	60
4154	420
4155	3558
4156	4155
4157	648
4158	3324
4159	154
4160	1334
4161	26
4162	420
4163	180
4164	3780
4165	2082
4166	1388
4167	192
4168	3332
4169	132
4170	1340
4171	1314
4172	918
4173	834
4174	1960
4175	110
4176	894
4177	232
4178	556
4179	510
4180	1284
4181	1392
4182	4181
4183	1428
4184	2788
4185	1046
4186	380
4187	930
4188	3300
4189	698
4190	126
4191	952
4192	4100
4193	84
4194	4193
4195	1398
4196	2796
4197	180
4198	396
4199	2790
4200	4068
4201	135
4202	1400
4203	410
4204	300
4205	1401
4206	3876
4207	4094
4208	120
4209	1989
4210	1403
4211	600
4212	4211
4213	420
4214	2756
4215	4214
4216	4215
4217	234
4218	24
4219	1740
4220	336
4221	2013
4222	4221
4223	1124
4224	4223
4225	840
4226	468
4227	4134
4228	396
4229	1409
4230	1920
4231	846
4232	60
4233	846
4234	4233
4235	2820
4236	196
4237	342
4238	140
4239	3612
4240	1380
4241	80
4242	664
4243	848
4244	660
4245	978
4246	1212
4247	1332
4248	1132
4249	1022
4250	59
4251	850
4252	3860
4253	324
4254	4140
4255	462
4256	2836
4257	2128
4258	780
4259	664
4260	456
4261	2130
4262	1419
4263	20
4264	4263
4265	1421
4266	2016
4267	1716
4268	284
4269	1067
4270	4269
4271	36
4272	4271
4273	122
4274	180
4275	4182
4276	2008
4277	1425
4278	812
4279	1386
4280	2844
4281	1833
4282	4281
4283	228
4284	3948
4285	180
4286	51
4287	4286
4288	2940
4289	204
4290	4092
4291	330
4292	2860
4293	200
4294	460
4295	204
4296	770
4297	330
4298	1140
4299	4298
4300	4299
4301	1380
4302	3684
4303	860
4304	90
4305	538
4306	468
4307	1260
4308	1148
4309	615
4310	312
4311	1044
4312	4311
4313	1100
4314	4313
4315	1438
4316	204
4317	528
4318	260
4319	2878
4320	4212
4321	2160
4322	231
4323	36
4324	4323
4325	930
4326	420
4327	1016
4328	144
4329	1965
4330	1236
4331	2886
4332	4331
4333	866
4334	1431
4335	4334
4336	924
4337	1218
4338	3460
4339	4338
4340	1310
4341	62
4342	684
4343	96
4344	72
4345	2172
4346	1448
4347	4346
4348	828
4349	444
4350	4349
4351	420
4352	966
4353	870
4354	1451
4355	2902
4356	70
4357	363
4358	492
4359	4158
4360	1453
4361	72
4362	60
4363	870
4364	2908
4365	84
4366	4365
4367	140
4368	3492
4369	2184
4370	291
4371	4370
4372	156
4373	260
4374	4373
4375	48
4376	972
4377	2188
4378	408
4379	138
4380	4140
4381	365
4382	154
4383	292
4384	3980
4385	468
4386	3738
4387	470
4388	180
4389	2145
4390	1463
4391	2926
4392	4391
4393	300
4394	700
4395	920
4396	4292
4397	1464
4398	3516
4399	1386
4400	1254
4401	1014
4402	4401
4403	1172
4404	4403
4405	2101
4406	330
4407	3774
4408	140
4409	1469
4410	4409
4411	4410
4412	344
4413	440
4414	48
4415	108
4416	883
4417	990
4418	180
4419	4418
4420	4419
4421	420
4422	4284
4423	210
4424	2946
4425	2212
4426	4316
4427	1356
4428	660
4429	520
4430	492
4431	4430
4432	1477
4433	588
4434	4433
4435	1260
4436	2956
4437	2097
4438	700
4439	1340
4440	132
4441	2173
4442	414
4443	148
4444	4443
4445	1481
4446	2088
4447	1482
4448	148
4449	60
4450	2020
4451	462
4452	1428
4453	102
4454	742
4455	870
4456	198
4457	55
4458	3564
4459	72
4460	990
4461	135
4462	4461
4463	120
4464	1092
4465	248
4466	228
4467	4466
4468	3572
4469	45
4470	3828
4471	1490
4472	270
4473	298
4474	4268
4475	468
4476	4475
4477	639
4478	396
4479	78
4480	680
4481	1428
4482	4481
4483	1620
4484	420
4485	1121
4486	4485
4487	996
4488	3580
4489	2185
4490	180
4491	3846
4492	1380
4493	1196
4494	315
4495	1100
4496	324
4497	2024
4498	48
4499	2998
4500	4499
4501	1125
4502	1500
4503	100
4504	4503
4505	60
4506	4505
4507	1502
4508	100
4509	35
4510	4340
4511	240
4512	483
4513	3420
4514	696
4515	4514
4516	820
4517	1505
4518	276
4519	1290
4520	1430
4521	452
4522	1507
4523	396
4524	1476
4525	2262
4526	258
4527	4110
4528	724
4529	1509
4530	4529
4531	120
4532	468
4533	252
4534	1511
4535	3022
4536	2208
4537	105
4538	220
4539	546
4540	648
4541	504
4542	1460
4543	1716
4544	348
4545	1110
4546	909
4547	72
4548	424
4549	2065
4550	126
4551	4302
4552	4551
4553	1212
4554	3900
4555	1518
4556	3036
4557	1050
4558	3644
4559	276
4560	4140
4561	651
4562	1520
4563	900
4564	4563
4565	712
4566	44
4567	1522
4568	84
4569	571
4570	36
4571	460
4572	740
4573	580
4574	381
4575	3918
4576	4575
4577	756
4578	1220
4579	654
4580	70
4581	2290
4582	840
4583	276
4584	561
4585	1118
4586	1527
4587	4586
4588	3660
4589	198
4590	2244
4591	4590
4592	204
4593	1660
4594	1531
4595	1020
4596	300
4597	1106
4598	612
4599	1080
4600	4599
4601	1533
4602	4601
4603	1572
4604	90
4605	1151
4606	60
4607	1476
4608	144
4609	354
4610	438
4611	4610
4612	2200
4613	60
4614	4613
4615	4190
4616	360
4617	1977
4618	3692
4619	3078
4620	4619
4621	1155
4622	156
4623	1204
4624	60
4625	1541
4626	4060
4627	486
4628	308
4629	2314
4630	4508
4631	882
4632	1508
4633	72
4634	772
4635	660
4636	63
4637	35
4638	780
4639	1546
4640	3090
4641	580
4642	4641
4643	1236
4644	900
4645	663
4646	81
4647	4646
4648	780
4649	129
4650	2184
4651	910
4652	1326
4653	930
4654	2260
4655	1484
4656	4655
4657	759
4658	1188
4659	3630
4660	4659
4661	1428
4662	4661
4663	930
4664	444
4665	2205
4666	210
4667	120
4668	3732
4669	1167
4670	235
4671	4670
4672	4671
4673	132
4674	4308
4675	4674
4676	1038
4677	2277
4678	3740
4679	3118
4680	1995
4681	1980
4682	156
4683	936
4684	504
4685	1557
4686	4685
4687	204
4688	2500
4689	1172
4690	1148
4691	1508
4692	4260
4693	938
4694	444
4695	190
4696	4695
4697	100
4698	3756
4699	4698
4700	24
4701	312
4702	1567
4703	180
4704	2244
4705	2328
4706	784
4707	362
4708	804
4709	126
4710	4709
4711	4710
4712	1044
4713	210
4714	2140
4715	672
4716	943
4717	2358
4718	72
4719	4718
4720	1573
4721	393
4722	630
4723	472
4724	1518
4725	2145
4726	1452
4727	748
4728	60
4729	672
4730	525
4731	946
4732	1577
4733	180
4734	4733
4735	1112
4736	60
4737	1184
4738	3780
4739	972
4740	4739
4741	747
4742	252
4743	540
4744	4628
4745	527
4746	4745
4747	4310
4748	420
4749	2374
4750	1914
4751	3166
4752	168
4753	950
4754	1584
4755	144
4756	317
4757	30
4758	860
4759	510
4760	1494
4761	238
4762	1166
4763	140
4764	2040
4765	366
4766	792
4767	4766
4768	3812
4769	680
4770	4769
4771	1932
4772	1060
4773	1804
4774	4773
4775	3180
4776	4775
4777	580
4778	84
4779	4518
4780	4290
4781	1593
4782	1170
4783	956
4784	1062
4785	2049
4786	2248
4787	110
4788	3820
4789	390
4790	510
4791	660
4792	1332
4793	1260
4794	4793
4795	518
4796	1518
4797	1170
4798	900
4799	228
4800	420
4801	1200
4802	240
4803	56
4804	492
4805	1601
4806	4116
4807	4806
4808	64
4809	2349
4810	4809
4811	1068
4812	283
4813	300
4814	1604
4815	4814
4816	1605
4817	468
4818	460
4819	418
4820	216
4821	155
4822	4821
4823	428
4824	4380
4825	201
4826	804
4827	588
4828	3860
4829	252
4830	4452
4831	4830
4832	644
4833	322
4834	1380
4835	1460
4836	4572
4837	568
4838	420
4839	4838
4840	4839
4841	1380
4842	4620
4843	222
4844	1076
4845	2422
4846	110
4847	3222
4848	276
4849	1212
4850	780
4851	396
4852	780
4853	1292
4854	456
4855	18
4856	492
4857	2205
4858	924
4859	780
4860	43
4861	405
4862	462
4863	970
4864	2380
4865	1518
4866	4716
4867	4866
4868	580
4869	636
4870	1623
4871	760
4872	4871
4873	974
4874	171
4875	4874
4876	693
4877	325
4878	3900
4879	4430
4880	3252
4881	791
4882	1500
4883	60
4884	4883
4885	1221
4886	814
4887	84
4888	440
4889	543
4890	210
4891	326
4892	1086
4893	612
4894	1631
4895	300
4896	4895
4897	699
4898	652
4899	1200
4900	2380
4901	1485
4902	4901
4903	234
4904	1398
4905	144
4906	1635
4907	1090
4908	60
4909	818
4910	1635
4911	660
4912	2070
4913	260
4914	1580
4915	702
4916	28
4917	2458
4918	420
4919	1092
4920	4919
4921	378
4922	96
4923	1780
4924	532
4925	462
4926	4925
4927	4814
4928	36
4929	2464
4930	4929
4931	1548
4932	2112
4933	986
4934	660
4935	4830
4936	4935
4937	411
4938	3900
4939	984
4940	396
4941	120
4942	4941
4943	1316
4944	4943
4945	140
4946	156
4947	570
4948	3956
4949	1649
4950	2340
4951	4950
4952	660
4953	564
4954	4953
4955	1098
4956	520
4957	473
4958	660
4959	4830
4960	36
4961	1653
4962	4961
4963	110
4964	174
4965	146
4966	1655
4967	210
4968	3972
4969	261
4970	828
4971	4970
4972	1620
4973	24
4974	588
4975	4974
4976	530
4977	1206
4978	180
4979	3318
4980	792
4981	237
4982	1620
4983	498
4984	4983
4985	1661
4986	4524
4987	1662
4988	180
4989	2265
4990	2344
4991	3324
4992	4884
4993	998
4994	1664
4995	4278
4996	816
4997	111
4998	1332
4999	384
5000	300
5001	612
5002	84
5003	308
5004	5003
5005	834
5006	1610
5007	360
5008	572
5009	468
5010	406
5011	910
5012	48
5013	200
5014	540
5015	1114
5016	537
5017	273
5018	444
5019	5018
5020	1673
5021	1673
5022	2255
5023	420
5024	392
5025	1158
5026	4554
5027	1116
5028	804
5029	308
5030	1434
5031	1006
5032	4844
5033	60
5034	5033
5035	5034
5036	1116
5037	2157
5038	60
5039	3358
5040	5039
5041	296
5042	168
5043	336
5044	390
5045	261
5046	5045
5047	5046
5048	48
5049	803
5050	5049
5051	36
5052	5051
5053	644
5054	561
5055	1530
5056	5055
5057	1685
5058	408
5059	330
5060	1124
5061	1218
5062	4940
5063	2700
5064	180
5065	723
5066	255
5067	5066
5068	4052
5069	180
5070	5069
5071	5070
5072	462
5073	1014
5074	414
5075	792
5076	5075
5077	420
5078	676
5079	4350
5080	1693
5081	564
5082	5081
5083	1908
5084	484
5085	82
5086	1452
5087	226
5088	180
5089	318
5090	252
5091	5090
5092	2392
5093	48
5094	4980
5095	4862
5096	546
5097	2548
5098	4076
5099	510
5100	345
5101	5050
5102	801
5103	78
5104	4988
5105	820
5106	1021
5107	486
5108	1356
5109	200
5110	2320
5111	3406
5112	5111
5113	510
5114	486
5115	1248
5116	1572
5117	189
5118	44
5119	616
5120	3412
5121	630
5122	569
5123	44
5124	5123
5125	414
5126	264
5127	5126
5128	876
5129	1572
5130	5129
5131	30
5132	310
5133	1026
5134	5133
5135	162
5136	5135
5137	2568
5138	340
5139	238
5140	540
5141	1628
5142	84
5143	440
5144	378
5145	2572
5146	100
5147	414
5148	140
5149	735
5150	1716
5151	5150
5152	1717
5153	228
5154	1170
5155	390
5156	1470
5157	2578
5158	4124
5159	180
5160	2424
5161	2580
5162	180
5163	1740
5164	2464
5165	780
5166	5165
5167	574
5168	156
5169	646
5170	210
5171	3438
5172	5171
5173	1034
5174	862
5175	390
5176	940
5177	168
5178	36
5179	5178
5180	3450
5181	1194
5182	168
5183	460
5184	1110
5185	648
5186	576
5187	220
5188	4100
5189	288
5190	2544
5191	1482
5192	3460
5193	660
5194	552
5195	1154
5196	5195
5197	819
5198	180
5199	1260
5200	5199
5201	1733
5202	5100
5203	1040
5204	3468
5205	2229
5206	5012
5207	132
5208	4164
5209	2365
5210	330
5211	1224
5212	744
5213	1380
5214	5213
5215	1738
5216	180
5217	652
5218	4172
5219	210
5220	180
5221	1274
5222	1711
5223	116
5224	105
5225	567
5226	4476
5227	402
5228	40
5229	1307
5230	5229
5231	1580
5232	5231
5233	132
5234	249
5235	4788
5236	1692
5237	1745
5238	4180
5239	5238
5240	498
5241	851
5242	340
5243	348
5244	5243
5245	616
5246	804
5247	4494
5248	4196
5249	1749
5250	5249
5251	5250
5252	3492
5253	380
5254	234
5255	140
5256	836
5257	1314
5258	700
5259	606
5260	1716
5261	498
5262	2472
5263	210
5264	1540
5265	2632
5266	1755
5267	3510
5268	84
5269	80
5270	585
5271	574
5272	540
5273	36
5274	5148
5275	1020
5276	3516
5277	1290
5278	4220
5279	792
5280	5279
5281	2581
5282	1506
5283	22
5284	5283
5285	540
5286	310
5287	144
5288	1380
5289	2265
5290	5180
5291	3526
5292	5004
5293	252
5294	441
5295	5294
5296	264
5297	795
5298	324
5299	1766
5300	3532
5301	2650
5302	5060
5303	300
5304	5303
5305	5253
5306	1755
5307	5306
5308	480
5309	1769
5310	180
5311	252
5312	236
5313	1000
5314	759
5315	708
5316	5315
5317	735
5318	708
5319	4830
5320	5319
5321	1773
5322	5124
5323	266
5324	156
5325	231
5326	1775
5327	1716
5328	4260
5329	333
5330	360
5331	4566
5332	1777
5333	468
5334	5333
5335	5198
5336	3556
5337	1230
5338	60
5339	3558
5340	5220
5341	485
5342	1779
5343	534
5344	5343
5345	1524
5346	5345
5347	1224
5348	220
5349	2529
5350	1644
5351	420
5352	690
5353	1070
5354	287
5355	5354
5356	1071
5357	1785
5358	204
5359	1530
5360	396
5361	105
5362	5361
5363	60
5364	360
5365	2682
5366	126
5367	5366
5368	252
5369	447
5370	767
5371	5126
5372	3580
5373	204
5374	2440
5375	3582
5376	4956
5377	896
5378	1428
5379	1730
5380	1092
5381	840
5382	1748
5383	538
5384	144
5385	110
5386	1795
5387	54
5388	860
5389	414
5390	1796
5391	1078
5392	2620
5393	1436
5394	66
5395	5394
5396	180
5397	175
5398	56
5399	1740
5400	5399
5401	771
5402	276
5403	1080
5404	5300
5405	300
5406	2556
5407	4910
5408	204
5409	1302
5410	1740
5411	1202
5412	2652
5413	360
5414	1800
5415	168
5416	5415
5417	572
5418	980
5419	5418
5420	3612
5421	1314
5422	1548
5423	24
5424	5423
5425	171
5426	1808
5427	5426
5428	996
5429	690
5430	5429
5431	5430
5432	840
5433	130
5434	5433
5435	3622
5436	582
5437	2665
5438	700
5439	1332
5440	770
5441	180
5442	5441
5443	1860
5444	1710
5445	1361
5446	5445
5447	1210
5448	1452
5449	64
5450	516
5451	990
5452	1817
5453	484
5454	5028
5455	5454
5456	3636
5457	2337
5458	1044
5459	1212
5460	5340
5461	891
5462	15
5463	1980
5464	777
5465	1821
5466	856
5467	1218
5468	2916
5469	1367
5470	1823
5471	780
5472	440
5473	1980
5474	220
5475	5474
5476	667
5477	456
5478	156
5479	1826
5480	420
5481	336
5482	144
5483	56
5484	1660
5485	783
5486	1716
5487	5486
5488	1460
5489	1829
5490	5489
5491	1794
5492	522
5493	1014
5494	5493
5495	180
5496	756
5497	1374
5498	244
5499	4710
5500	2584
5501	288
5502	5501
5503	140
5504	3666
5505	450
5506	660
5507	3670
5508	1468
5509	2629
5510	459
5511	5406
5512	45
5513	420
5514	5513
5515	670
5516	3676
5517	1160
5518	4412
5519	564
5520	738
5521	90
5522	612
5523	4324
5524	5523
5525	28
5526	112
5527	1578
5528	660
5529	1382
5530	1843
5531	3684
5532	396
5533	1106
5534	120
5535	5534
5536	5535
5537	1845
5538	4420
5539	2340
5540	1230
5541	2373
5542	5541
5543	492
5544	5543
5545	426
5546	1848
5547	5546
5548	948
5549	1836
5550	2520
5551	1304
5552	3700
5553	1110
5554	5348
5555	1518
5556	540
5557	463
5558	36
5559	794
5560	51
5561	210
5562	4746
5563	1100
5564	3708
5565	895
5566	5565
5567	1236
5568	520
5569	252
5570	1794
5571	642
5572	460
5573	1484
5574	1820
5575	1858
5576	522
5577	2637
5578	528
5579	3718
5580	5579
5581	155
5582	3660
5583	420
5584	1716
5585	72
5586	5585
5587	1862
5588	740
5589	1397
5590	1596
5591	3726
5592	5460
5593	1118
5594	420
5595	5478
5596	1710
5597	60
5598	4476
5599	5598
5600	3732
5601	2673
5602	2632
5603	1476
5604	1200
5605	2545
5606	900
5607	5606
5608	4484
5609	267
5610	5172
5611	1596
5612	84
5613	1120
5614	612
5615	1764
5616	340
5617	2737
5618	636
5619	1320
5620	5619
5621	156
5622	803
5623	258
5624	1782
5625	2409
5626	1125
5627	110
5628	1500
5629	1407
5630	621
5631	5630
5632	201
5633	1500
5634	1332
5635	5510
5636	408
5637	2818
5638	20
5639	534
5640	5639
5641	1358
5642	188
5643	90
5644	627
5645	1820
5646	156
5647	5390
5648	300
5649	780
5650	807
5651	3766
5652	77
5653	72
5654	1884
5655	1834
5656	5655
5657	1881
5658	180
5659	5658
5660	1470
5661	1415
5662	1716
5663	60
5664	552
5665	236
5666	1887
5667	4854
5668	4532
5669	1889
5670	616
5671	1030
5672	198
5673	1134
5674	1620
5675	48
5676	5675
5677	2838
5678	756
5679	230
5680	612
5681	540
5682	645
5683	568
5684	1260
5685	2842
5686	2788
5687	296
5688	300
5689	915
5690	1896
5691	5382
5692	5691
5693	660
5694	2784
5695	1626
5696	3796
5697	2848
5698	364
5699	1820
5700	5699
5701	438
5702	180
5703	380
5704	120
5705	1901
5706	815
5707	350
5708	380
5709	609
5710	450
5711	3726
5712	5711
5713	190
5714	876
5715	5190
5716	1155
5717	612
5718	1524
5719	5718
5720	60
5721	48
5722	5721
5723	36
5724	97
5725	5671
5726	865
5727	660
5728	1092
5729	99
5730	4908
5731	468
5732	764
5733	1146
5734	819
5735	1274
5736	155
5737	2220
5738	360
5739	1826
5740	1764
5741	154
5742	5741
5743	574
5744	546
5745	2872
5746	1915
5747	3828
5748	1980
5749	2874
5750	479
5751	780
5752	5751
5753	348
5754	5580
5755	1352
5756	1278
5757	154
5758	1932
5759	1740
5760	5759
5761	140
5762	1826
5763	230
5764	5763
5765	180
5766	5316
5767	1818
5768	384
5769	2829
5770	655
5771	3846
5772	48
5773	1154
5774	1923
5775	5774
5776	1925
5777	1925
5778	4620
5779	84
5780	3852
5781	175
5782	1860
5783	48
5784	1876
5785	2761
5786	252
5787	5670
5788	4620
5789	904
5790	5789
5791	234
5792	540
5793	60
5794	5793
5795	3862
5796	5676
5797	2898
5798	772
5799	446
5800	276
5801	966
5802	940
5803	420
5804	468
5805	828
5806	88
5807	546
5808	1100
5809	726
5810	645
5811	5810
5812	5684
5813	100
5814	30
5815	1400
5816	3876
5817	727
5818	1068
5819	774
5820	1428
5821	831
5822	388
5823	136
5824	612
5825	440
5826	1140
5827	1890
5828	36
5829	1457
5830	1430
5831	1716
5832	1908
5833	1166
5834	648
5835	4998
5836	1060
5837	648
5838	4660
5839	5838
5840	152
5841	2920
5842	1668
5843	180
5844	420
5845	2922
5846	72
5847	5310
5848	4676
5849	1668
5850	5849
5851	1170
5852	1886
5853	390
5854	5588
5855	3900
5856	357
5857	312
5858	140
5859	5858
5860	5859
5861	1953
5862	693
5863	660
5864	1302
5865	1422
5866	1955
5867	3910
5868	1564
5869	2640
5870	84
5871	5742
5872	5871
5873	756
5874	920
5875	1890
5876	3916
5877	99
5878	188
5879	3918
5880	1780
5881	927
5882	1959
5883	90
5884	2460
5885	1961
5886	5772
5887	480
5888	260
5889	1472
5890	5889
5891	120
5892	5891
5893	1178
5894	1964
5895	5894
5896	1812
5897	1965
5898	84
5899	1150
5900	198
5901	1475
5902	1260
5903	1572
5904	5903
5905	168
5906	70
5907	5906
5908	552
5909	300
5910	1924
5911	5910
5912	1686
5913	140
5914	5913
5915	438
5916	5915
5917	2958
5918	1572
5919	198
5920	5919
5921	1973
5922	1092
5923	2244
5924	1790
5925	680
5926	1692
5927	1314
5928	4740
5929	2905
5930	957
5931	714
5932	1977
5933	84
5934	5933
5935	2460
5936	3954
5937	955
5938	4500
5939	1908
5940	2544
5941	1962
5942	232
5943	594
5944	5943
5945	60
5946	2530
5947	1698
5948	60
5949	2974
5950	162
5951	3966
5952	5951
5953	238
5954	1134
5955	5954
5956	644
5957	855
5958	1588
5959	1400
5960	476
5961	780
5962	1987
5963	780
5964	5963
5965	195
5966	240
5967	5966
5968	60
5969	1892
5970	5969
5971	1194
5972	1326
5973	1194
5974	612
5975	852
5976	72
5977	332
5978	796
5979	5430
5980	1993
5981	1989
5982	732
5983	1196
5984	3988
5985	1496
5986	1995
5987	204
5988	4780
5989	2436
5990	1815
5991	5990
5992	2860
5993	184
5994	5993
5995	90
5996	114
5997	2937
5998	4796
5999	210
6000	5460
6001	545
6002	1000
6003	4116
6004	667
6005	2001
6006	6005
6007	730
6008	396
6009	1470
6010	600
6011	4006
6012	1820
6013	90
6014	315
6015	5742
6016	5876
6017	570
6018	1148
6019	354
6020	4012
6021	1505
6022	6021
6023	180
6024	645
6025	753
6026	204
6027	1416
6028	964
6029	2009
6030	1940
6031	1722
6032	4020
6033	252
6034	685
6035	3996
6036	6035
6037	1509
6038	660
6039	1392
6040	368
6041	671
6042	35
6043	1208
6044	312
6045	780
6046	1484
6047	1932
6048	580
6049	3024
6050	36
6051	550
6052	252
6053	804
6054	6053
6055	2018
6056	1830
6057	3028
6058	4844
6059	144
6060	6059
6061	440
6062	2016
6063	1200
6064	1980
6065	1860
6066	5196
6067	290
6068	404
6069	494
6070	1980
6071	630
6072	6071
6073	2076
6074	253
6075	6074
6076	5852
6077	25
6078	120
6079	6078
6080	96
6081	1520
6082	2027
6083	540
6084	5819
6085	329
6086	338
6087	828
6088	4860
6089	180
6090	576
6091	468
6092	130
6093	1218
6094	1740
6095	952
6096	747
6097	748
6098	540
6099	6098
6100	5540
6101	1722
6102	6101
6103	1220
6104	156
6105	210
6106	6105
6107	1914
6108	348
6109	963
6110	2036
6111	1100
6112	2872
6113	1620
6114	6113
6115	1746
6116	270
6117	1410
6118	4892
6119	4078
6120	6119
6121	255
6122	780
6123	780
6124	180
6125	2040
6126	6125
6127	6126
6128	252
6129	408
6130	660
6131	660
6132	6131
6133	740
6134	1932
6135	6134
6136	438
6137	2045
6138	980
6139	6138
6140	4092
6141	3070
6142	6020
6143	36
6144	5580
6145	3072
6146	24
6147	5814
6148	4916
6149	2049
6150	1050
6151	6150
6152	4098
6153	2332
6154	220
6155	1860
6156	5676
6157	879
6158	820
6159	126
6160	336
6161	1332
6162	6161
6163	280
6164	1758
6165	1541
6166	1305
6167	4110
6168	4932
6169	468
6170	684
6171	420
6172	2057
6173	1644
6174	6173
6175	1508
6176	1958
6177	2805
6178	264
6179	4116
6180	968
6181	3013
6182	948
6183	1236
6184	6068
6185	90
6186	1518
6187	6186
6188	300
6189	1547
6190	6189
6191	4126
6192	420
6193	1238
6194	688
6195	102
6196	2065
6197	1944
6198	396
6199	2310
6200	4132
6201	3100
6202	156
6203	1652
6204	5868
6205	1551
6206	588
6207	6206
6208	1140
6209	2069
6210	2820
6211	2070
6212	100
6213	420
6214	952
6215	1380
6216	200
6217	3108
6218	828
6219	6218
6220	222
6221	420
6222	5940
6223	2340
6224	4140
6225	3045
6226	2075
6227	444
6228	1196
6229	1557
6230	173
6231	488
6232	5610
6233	276
6234	204
6235	252
6236	4156
6237	1559
6238	1660
6239	4158
6240	367
6241	891
6242	18
6243	2260
6244	6243
6245	1980
6246	6245
6247	1860
6248	168
6249	1562
6250	1204
6251	1386
6252	329
6253	30
6254	945
6255	5358
6256	6255
6257	336
6258	5004
6259	2086
6260	636
6261	2961
6262	1788
6263	1660
6264	6263
6265	1320
6266	174
6267	1230
6268	396
6269	198
6270	6269
6271	1254
6272	252
6273	96
6274	6273
6275	506
6276	810
6277	1569
6278	540
6279	504
6280	1980
6281	156
6282	984
6283	2148
6284	2030
6285	1571
6286	1932
6287	210
6288	5020
6289	786
6290	1794
6291	6006
6292	2097
6293	1676
6294	1020
6295	6294
6296	1398
6297	336
6298	380
6299	72
6300	2044
6301	3150
6302	1050
6303	630
6304	75
6305	2097
6306	6305
6307	6306
6308	812
6309	180
6310	6309
6311	150
6312	1164
6313	50
6314	660
6315	1548
6316	2968
6317	421
6318	684
6319	6318
6320	1910
6321	395
6322	6164
6323	420
6324	6323
6325	276
6326	527
6327	6326
6328	5060
6329	2109
6330	6329
6331	1150
6332	198
6333	296
6334	6188
6335	1020
6336	6335
6337	2772
6338	780
6339	1086
6340	1020
6341	2112
6342	1440
6343	812
6344	4228
6345	3172
6346	1764
6347	4230
6348	5076
6349	1587
6350	984
6351	1464
6352	2117
6353	660
6354	3120
6355	6230
6356	666
6357	1589
6358	5084
6359	1404
6360	429
6361	636
6362	2120
6363	1270
6364	660
6365	2121
6366	2044
6367	1272
6368	564
6369	3105
6370	6369
6371	340
6372	6371
6373	1274
6374	606
6375	180
6376	620
6377	36
6378	5100
6379	6378
6380	4252
6381	2733
6382	6381
6383	396
6384	3000
6385	1582
6386	315
6387	312
6388	180
6389	2129
6390	5892
6391	6390
6392	4260
6393	1278
6394	144
6395	84
6396	6395
6397	415
6398	852
6399	6270
6400	2133
6401	200
6402	870
6403	294
6404	474
6405	3202
6406	6116
6407	610
6408	580
6409	915
6410	267
6411	6410
6412	6411
6413	180
6414	700
6415	6414
6416	276
6417	390
6418	120
6419	1940
6420	6228
6421	535
6422	2139
6423	732
6424	6188
6425	2141
6426	1260
6427	714
6428	428
6429	924
6430	2490
6431	84
6432	6084
6433	820
6434	1072
6435	1512
6436	420
6437	612
6438	5100
6439	2106
6440	4212
6441	585
6442	1980
6443	1716
6444	2751
6445	3222
6446	1074
6447	586
6448	5156
6449	1074
6450	6449
6451	144
6452	440
6453	308
6454	6453
6455	60
6456	6455
6457	522
6458	60
6459	6458
6460	6459
6461	522
6462	6461
6463	460
6464	690
6465	2769
6466	1056
6467	4302
6468	396
6469	760
6470	1017
6471	6470
6472	1806
6473	1724
6474	2915
6475	6182
6476	4314
6477	3238
6478	5180
6479	462
6480	6479
6481	498
6482	1036
6483	324
6484	6483
6485	195
6486	72
6487	2162
6488	860
6489	99
6490	6489
6491	4326
6492	6491
6493	1092
6494	36
6495	2090
6496	1180
6497	420
6498	308
6499	790
6500	618
6501	3250
6502	2167
6503	408
6504	929
6505	1084
6506	2168
6507	780
6508	612
6509	723
6510	92
6511	224
6512	1446
6513	130
6514	1860
6515	700
6516	2132
6517	3258
6518	780
6519	6518
6520	696
6521	594
6522	6521
6523	1304
6524	4348
6525	1631
6526	420
6527	684
6528	372
6529	2965
6530	2175
6531	792
6532	2177
6533	132
6534	1602
6535	1866
6536	4356
6537	384
6538	5220
6539	1452
6540	140
6541	357
6542	462
6543	654
6544	3124
6545	2181
6546	468
6547	2182
6548	144
6549	2805
6550	177
6551	220
6552	6551
6553	1310
6554	16
6555	6554
6556	936
6557	690
6558	420
6559	504
6560	4372
6561	164
6562	745
6563	1500
6564	6563
6565	1035
6566	243
6567	1254
6568	1260
6569	420
6570	5628
6571	1544
6572	84
6573	2380
6574	6573
6575	486
6576	6575
6577	939
6578	876
6579	2146
6580	6579
6581	1060
6582	6581
6583	658
6584	90
6585	138
6586	1317
6587	4390
6588	40
6589	1098
6590	2090
6591	5628
6592	6591
6593	876
6594	6593
6595	1980
6596	4396
6597	3237
6598	84
6599	2132
6600	6468
6601	357
6602	81
6603	828
6604	1610
6605	72
6606	300
6607	180
6608	220
6609	1652
6610	2203
6611	84
6612	1416
6613	5060
6614	1102
6615	6614
6616	1300
6617	200
6618	5292
6619	60
6620	1470
6621	3310
6622	360
6623	1764
6624	6108
6625	3312
6626	90
6627	266
6628	120
6629	2205
6630	947
6631	1628
6632	340
6633	756
6634	2211
6635	1474
6636	1584
6637	510
6638	1740
6639	280
6640	945
6641	522
6642	6444
6643	332
6644	714
6645	816
6646	6645
6647	210
6648	5316
6649	1108
6650	60
6651	2162
6652	1300
6653	1772
6654	5700
6655	2218
6656	504
6657	3328
6658	5324
6659	1056
6660	6300
6661	2580
6662	2220
6663	30
6664	6663
6665	555
6666	6665
6667	198
6668	84
6669	1667
6670	6669
6671	4446
6672	6060
6673	104
6674	741
6675	5718
6676	156
6677	2225
6678	1780
6679	684
6680	180
6681	215
6682	2706
6683	1620
6684	41
6685	1610
6686	557
6687	2170
6688	5300
6689	588
6690	3144
6691	1338
6692	4458
6693	1338
6694	760
6695	4462
6696	717
6697	3277
6698	828
6699	6698
6700	2233
6701	744
6702	6180
6703	2292
6704	180
6705	2860
6706	6705
6707	1048
6708	5364
6709	1677
6710	630
6711	1342
6712	360
6713	1780
6714	924
6715	516
6716	1980
6717	900
6718	316
6719	4476
6720	165
6721	840
6722	560
6723	224
6724	168
6725	2241
6726	6725
6727	6110
6728	132
6729	3364
6730	1092
6731	192
6732	6731
6733	1346
6734	2211
6735	6734
6736	2124
6737	747
6738	420
6739	6738
6740	4492
6741	120
6742	1104
6743	140
6744	6743
6745	1380
6746	2247
6747	6630
6748	5396
6749	1020
6750	397
6751	6446
6752	642
6753	36
6754	2076
6755	234
6756	2204
6757	3378
6758	104
6759	5790
6760	6140
6761	2253
6762	6761
6763	270
6764	4482
6765	3321
6766	1932
6767	2076
6768	5412
6769	3384
6770	94
6771	1230
6772	6524
6773	84
6774	990
6775	1592
6776	4516
6777	308
6778	5420
6779	1506
6780	444
6781	665
6782	1020
6783	678
6784	6783
6785	133
6786	60
6787	1932
6788	180
6789	3394
6790	2196
6791	4518
6792	3128
6793	180
6794	1938
6795	742
6796	2265
6797	2156
6798	5436
6799	2266
6800	4530
6801	924
6802	2220
6803	1812
6804	6180
6805	365
6806	348
6807	6806
6808	1164
6809	264
6810	6809
6811	208
6812	2142
6813	450
6814	6813
6815	870
6816	2212
6817	852
6818	900
6819	1572
6820	1628
6821	2273
6822	5844
6823	682
6824	1516
6825	3412
6826	360
6827	180
6828	52
6829	975
6830	364
6831	6462
6832	2100
6833	364
6834	6708
6835	102
6836	210
6837	1540
6838	5460
6839	1104
6840	6839
6841	3420
6842	2280
6843	264
6844	6843
6845	1404
6846	6845
6847	2282
6848	820
6849	3424
6850	306
6851	1522
6852	3360
6853	1370
6854	2283
6855	6854
6856	6855
6857	1956
6858	420
6859	140
6860	536
6861	3430
6862	6861
6863	60
6864	468
6865	3432
6866	198
6867	2210
6868	660
6869	72
6870	780
6871	60
6872	4572
6873	458
6874	58
6875	4582
6876	1375
6877	808
6878	780
6879	6878
6880	6879
6881	345
6882	6881
6883	1376
6884	264
6885	210
6886	6716
6887	4590
6888	1260
6889	3289
6890	765
6891	1378
6892	2670
6893	612
6894	1080
6895	766
6896	1532
6897	1590
6898	220
6899	18
6900	6899
6901	558
6902	371
6903	100
6904	6903
6905	2301
6906	5916
6907	2178
6908	204
6909	420
6910	2124
6911	1080
6912	275
6913	780
6914	1045
6915	6914
6916	6915
6917	1092
6918	1844
6919	850
6920	1974
6921	1730
6922	252
6923	420
6924	6780
6925	3145
6926	243
6927	5934
6928	648
6929	740
6930	6929
6931	6806
6932	4620
6933	2668
6934	1974
6935	66
6936	240
6937	3468
6938	900
6939	6938
6940	6939
6941	660
6942	6941
6943	694
6944	1542
6945	504
6946	6692
6947	420
6948	132
6949	534
6950	140
6951	6950
6952	6951
6953	612
6954	6953
6955	1986
6956	4636
6957	1739
6958	220
6959	4638
6960	1120
6961	1740
6962	24
6963	1390
6964	2196
6965	211
6966	6965
6967	6966
6968	464
6969	180
6970	6812
6971	1548
6972	855
6973	1394
6974	2324
6975	126
6976	996
6977	775
6978	1860
6979	1640
6980	2070
6981	3333
6982	537
6983	252
6984	6983
6985	570
6986	388
6987	572
6988	420
6989	291
6990	5988
6991	20
6992	2262
6993	1398
6994	980
6995	1554
6996	3288
6997	333
6998	1860
6999	6998
7000	6999
7001	2148
7002	495
7003	1400
7004	924
7005	3502
7006	7005
7007	4644
7008	5604
7009	3445
7010	2336
7011	858
7012	756
7013	40
7014	6396
7015	2338
7016	4674
7017	3508
7018	600
7019	4678
7020	6900
7021	369
7022	30
7023	1378
7024	6380
7025	222
7026	7025
7027	3036
7028	468
7029	3514
7030	3304
7031	252
7032	2940
7033	336
7034	2340
7035	6390
7036	1407
7037	2345
7038	5620
7039	402
7040	684
7041	3520
7042	2347
7043	156
7044	7043
7045	288
7046	60
7047	1656
7048	5636
7049	252
7050	6732
7051	6902
7052	1566
7053	60
7054	7053
7055	4702
7056	204
7057	3205
7058	940
7059	6678
7060	336
7061	261
7062	6804
7063	350
7064	184
7065	3465
7066	2172
7067	48
7068	80
7069	1155
7070	2355
7071	6942
7072	7071
7073	220
7074	966
7075	786
7076	572
7077	3538
7078	1332
7079	660
7080	7079
7081	2856
7082	590
7083	236
7084	380
7085	2361
7086	6876
7087	7086
7088	540
7089	3544
7090	1610
7091	2268
7092	6540
7093	1418
7094	788
7095	6078
7096	154
7097	369
7098	664
7099	2366
7100	364
7101	645
7102	2028
7103	1892
7104	7103
7105	546
7106	789
7107	1740
7108	5684
7109	2028
7110	696
7111	7110
7112	430
7113	710
7114	3460
7115	360
7116	954
7117	105
7118	36
7119	6798
7120	980
7121	2300
7122	7121
7123	180
7124	4746
7125	1781
7126	1425
7127	950
7128	5700
7129	1742
7130	336
7131	1644
7132	3352
7133	948
7134	3240
7135	2250
7136	2310
7137	3057
7138	1140
7139	1586
7140	2340
7141	1190
7142	4554
7143	204
7144	156
7145	360
7146	460
7147	794
7148	68
7149	1624
7150	2340
7151	678
7152	7151
7153	1430
7154	225
7155	870
7156	1300
7157	732
7158	204
7159	2346
7160	252
7161	895
7162	231
7163	380
7164	551
7165	33
7166	280
7167	6510
7168	1380
7169	2349
7170	348
7171	7170
7172	66
7173	180
7174	2391
7175	4782
7176	28
7177	1155
7178	420
7179	6132
7180	7052
7181	2393
7182	7020
7183	312
7184	4788
7185	1796
7186	2052
7187	1596
7188	5500
7189	3265
7190	2396
7191	1764
7192	756
7193	204
7194	7193
7195	7194
7196	180
7197	1746
7198	5756
7199	4798
7200	1320
7201	1800
7202	1200
7203	924
7204	2401
7205	1200
7206	7205
7207	420
7208	620
7209	1662
7210	7209
7211	990
7212	7211
7213	720
7214	228
7215	2346
7216	1443
7217	376
7218	5772
7219	2406
7220	4812
7221	3093
7222	300
7223	1908
7224	7223
7225	42
7226	1204
7227	1776
7228	2436
7229	780
7230	3420
7231	7230
7232	4818
7233	2620
7234	792
7235	156
7236	2324
7237	440
7238	480
7239	2330
7240	2413
7241	402
7242	6204
7243	1448
7244	730
7245	3622
7246	42
7247	4830
7248	444
7249	36
7250	2403
7251	1704
7252	2417
7253	1932
7254	1782
7255	6590
7256	690
7257	495
7258	5804
7259	156
7260	7259
7261	558
7262	2346
7263	2460
7264	99
7265	2324
7266	60
7267	7266
7268	72
7269	1817
7270	330
7271	2340
7272	7271
7273	1454
7274	372
7275	7274
7276	7275
7277	630
7278	140
7279	7278
7280	2310
7281	3640
7282	809
7283	388
7284	3120
7285	856
7286	2427
7287	1044
7288	260
7289	28
7290	7140
7291	2082
7292	972
7293	486
7294	7028
7295	1620
7296	1459
7297	608
7298	276
7299	2210
7300	2244
7301	260
7302	3432
7303	308
7304	540
7305	3129
7306	1152
7307	974
7308	468
7309	3565
7310	1105
7311	7310
7312	87
7313	300
7314	7313
7315	7314
7316	4876
7317	1829
7318	5852
7319	120
7320	7319
7321	6655
7322	813
7323	350
7324	240
7325	144
7326	924
7327	7326
7328	488
7329	3664
7330	3604
7331	540
7332	70
7333	2508
7334	2444
7335	7334
7336	3448
7337	198
7338	5860
7339	282
7340	174
7341	598
7342	2447
7343	220
7344	6948
7345	198
7346	1189
7347	6294
7348	5876
7349	2310
7350	7349
7351	120
7352	1092
7353	344
7354	570
7355	4902
7356	3588
7357	1839
7358	36
7359	7358
7360	3580
7361	2100
7362	7361
7363	180
7364	1636
7365	1020
7366	2455
7367	4908
7368	420
7369	1842
7370	2312
7371	7370
7372	704
7373	1964
7374	7373
7375	294
7376	2220
7377	922
7378	1356
7379	4918
7380	7379
7381	1778
7382	36
7383	246
7384	2461
7385	819
7386	7385
7387	1560
7388	980
7389	3165
7390	2463
7391	756
7392	7391
7393	1478
7394	780
7395	2354
7396	132
7397	493
7398	1340
7399	7398
7400	4932
7401	3420
7402	1820
7403	276
7404	264
7405	725
7406	617
7407	7406
7408	5924
7409	1120
7410	252
7411	7410
7412	1620
7413	370
7414	7413
7415	4942
7416	7415
7417	324
7418	308
7419	1800
7420	630
7421	48
7422	7421
7423	1484
7424	2100
7425	1195
7426	7425
7427	4950
7428	220
7429	3649
7430	84
7431	480
7432	913
7433	1980
7434	7433
7435	7434
7436	4956
7437	3657
7438	600
7439	252
7440	7439
7441	3553
7442	220
7443	114
7444	7443
7445	708
7446	7445
7447	1820
7448	60
7449	931
7450	7268
7451	4966
7452	1596
7453	540
7454	2484
7455	1752
7456	180
7457	276
7458	468
7459	2130
7460	4972
7461	1211
7462	7461
7463	1980
7464	3190
7465	1866
7466	234
7467	306
7468	1428
7469	2292
7470	7469
7471	2442
7472	584
7473	420
7474	7473
7475	30
7476	115
7477	1179
7478	332
7479	7478
7480	1068
7481	2493
7482	6900
7483	180
7484	1662
7485	1871
7486	680
7487	330
7488	5980
7489	440
7490	624
7491	210
7492	7491
7493	108
7494	6420
7495	288
7496	2358
7497	3220
7498	5996
7499	714
7500	2444
7501	51
7502	2499
7503	750
7504	2436
7505	2501
7506	3528
7507	7506
7508	60
7509	1877
7510	7172
7511	1668
7512	7380
7513	100
7514	2504
7515	252
7516	7515
7517	2505
7518	240
7519	6830
7520	5004
7521	1716
7522	714
7523	232
7524	3660
7525	1850
7526	1204
7527	7526
7528	6020
7529	714
7530	6660
7531	7530
7532	1004
7533	2860
7534	180
7535	5022
7536	3228
7537	157
7538	660
7539	7538
7540	3544
7541	380
7542	7541
7543	516
7544	2438
7545	3705
7546	7545
7547	252
7548	6036
7549	1215
7550	2154
7551	7550
7552	6860
7553	468
7554	7553
7555	910
7556	198
7557	168
7558	6044
7559	5038
7560	996
7561	135
7562	4970
7563	1100
7564	1080
7565	2460
7566	7565
7567	306
7568	504
7569	3784
7570	7569
7571	714
7572	7164
7573	348
7574	1080
7575	7574
7576	828
7577	2525
7578	72
7579	7238
7580	810
7581	3790
7582	464
7583	84
7584	7308
7585	2940
7586	1164
7587	7586
7588	6060
7589	2529
7590	616
7591	1656
7592	24
7593	1518
7594	7593
7595	2460
7596	1380
7597	211
7598	92
7599	996
7600	2533
7601	2529
7602	660
7603	1520
7604	612
7605	3729
7606	780
7607	460
7608	712
7609	1902
7610	198
7611	490
7612	2340
7613	420
7614	7613
7615	624
7616	5076
7617	544
7618	460
7619	1692
7620	3255
7621	381
7622	1270
7623	1524
7624	1248
7625	264
7626	300
7627	726
7628	252
7629	90
7630	7629
7631	5086
7632	7631
7633	140
7634	726
7635	7634
7636	2545
7637	2544
7638	1380
7639	2546
7640	2310
7641	1044
7642	280
7643	2036
7644	7643
7645	637
7646	849
7647	930
7648	396
7649	2549
7650	7649
7651	3180
7652	1700
7653	102
7654	2551
7655	1458
7656	300
7657	1914
7658	340
7659	1768
7660	7659
7661	2553
7662	990
7663	1530
7664	780
7665	3832
7666	7665
7667	2412
7668	6132
7669	1092
7670	213
7671	7084
7672	2508
7673	60
7674	7548
7675	7674
7676	168
7677	354
7678	1476
7679	5118
7680	7679
7681	1920
7682	2556
7683	876
7684	770
7685	828
7686	3636
7687	7686
7688	100
7689	3844
7690	2028
7691	732
7692	7691
7693	360
7694	814
7695	2330
7696	7695
7697	732
7698	6156
7699	1892
7700	2436
7701	3850
7702	630
7703	156
7704	105
7705	135
7706	1165
7707	7706
7708	6164
7709	171
7710	3624
7711	2202
7712	624
7713	1540
7714	7713
7715	828
7716	7116
7717	660
7718	588
7719	2506
7720	2573
7721	2573
7722	7721
7723	386
7724	270
7725	3309
7726	309
7727	600
7728	140
7729	210
7730	112
7731	7730
7732	3243
7733	2060
7734	407
7735	830
7736	5130
7737	3868
7738	6180
7739	330
7740	528
7741	238
7742	132
7743	324
7744	728
7745	1290
7746	6636
7747	2582
7748	516
7749	3874
7750	3520
7751	1722
7752	7524
7753	2652
7754	861
7755	1788
7756	7755
7757	2585
7758	1484
7759	7598
7760	246
7761	1640
7762	1197
7763	1980
7764	7763
7765	1898
7766	830
7767	6636
7768	1428
7769	2589
7770	3780
7771	1554
7772	780
7773	222
7774	2220
7775	630
7776	1555
7777	255
7778	120
7779	690
7780	2593
7781	36
7782	7644
7783	940
7784	5188
7785	973
7786	7436
7787	2492
7788	660
7789	630
7790	144
7791	7790
7792	1113
7793	2076
7794	180
7795	1560
7796	1732
7797	1255
7798	6236
7799	5196
7800	7380
7801	1300
7802	2226
7803	78
7804	7803
7805	385
7806	1914
7807	150
7808	2076
7809	528
7810	137
7811	140
7812	1224
7813	6250
7814	434
7815	7814
7816	420
7817	864
7818	1508
7819	2466
7820	600
7821	3910
7822	869
7823	444
7824	7823
7825	3912
7826	828
7827	2370
7828	100
7829	408
7830	6708
7831	7830
7832	2486
7833	24
7834	7833
7835	1740
7836	7835
7837	1119
7838	180
7839	240
7840	871
7841	2613
7842	7841
7843	784
7844	738
7845	1890
7846	840
7847	5230
7848	252
7849	3565
7850	1308
7851	6726
7852	3820
7853	348
7854	1932
7855	22
7856	748
7857	3717
7858	672
7859	780
7860	420
7861	1287
7862	873
7863	360
7864	2621
7865	2226
7866	7865
7867	2622
7868	524
7869	3934
7870	7869
7871	2340
7872	516
7873	3036
7874	1260
7875	7874
7876	828
7877	638
7878	748
7879	750
7880	408
7881	1970
7882	1790
7883	700
7884	7883
7885	606
7886	750
7887	7886
7888	180
7889	219
7890	2540
7891	2562
7892	5260
7893	60
7894	7893
7895	828
7896	7895
7897	464
7898	324
7899	7898
7900	180
7901	836
7902	7901
7903	126
7904	2390
7905	247
7906	1296
7907	150
7908	2108
7909	3954
7910	2636
7911	456
7912	7911
7913	420
7914	504
7915	7190
7916	1758
7917	1295
7918	6332
7919	754
7920	483
7921	45
7922	2640
7923	1584
7924	1716
7925	2637
7926	715
7927	7790
7928	60
7929	650
7930	7929
7931	1240
7932	1092
7933	2988
7934	420
7935	6798
7936	7772
7937	180
7938	700
7939	2646
7940	858
7941	1985
7942	2268
7943	264
7944	7943
7945	1324
7946	331
7947	2530
7948	680
7949	756
7950	7332
7951	2650
7952	90
7953	530
7954	7953
7955	5302
7956	1704
7957	1326
7958	1060
7959	7230
7960	7959
7961	420
7962	7961
7963	420
7964	5308
7965	936
7966	1958
7967	644
7968	6372
7969	1328
7970	330
7971	7542
7972	7844
7973	2124
7974	1548
7975	970
7976	204
7977	1092
7978	220
7979	5292
7980	7979
7981	725
7982	312
7983	1020
7984	570
7985	887
7986	7985
7987	2662
7988	420
7989	1842
7990	7308
7991	1140
7992	7260
7993	3036
7994	1314
7995	7830
7996	7995
7997	111
7998	228
7999	1880
8000	5332
8001	4000
8002	2460
8003	240
8004	8003
8005	381
8006	1332
8007	7854
8008	6404
8009	315
8010	3936
8011	72
8012	252
8013	320
8014	230
8015	204
8016	440
8017	4008
8018	356
8019	1092
8020	2604
8021	99
8022	7860
8023	802
8024	1782
8025	1215
8026	2292
8027	5350
8028	468
8029	1338
8030	1300
8031	730
8032	8031
8033	72
8034	8033
8035	8034
8036	2430
8037	574
8038	2140
8039	638
8040	3444
8041	618
8042	2679
8043	402
8044	8043
8045	860
8046	1609
8047	990
8048	252
8049	4024
8050	3784
8051	1788
8052	8051
8053	322
8054	348
8055	1980
8056	537
8057	260
8058	1460
8059	7910
8060	594
8061	3381
8062	7700
8063	700
8064	8063
8065	889
8066	423
8067	72
8068	1380
8069	405
8070	8069
8071	1614
8072	1076
8073	538
8074	264
8075	384
8076	260
8077	1946
8078	2148
8079	1590
8080	420
8081	2693
8082	6924
8083	390
8084	632
8085	396
8086	2652
8087	5382
8088	6460
8089	1155
8090	1348
8091	490
8092	279
8093	492
8094	8093
8095	8094
8096	48
8097	2024
8098	780
8099	5398
8100	3984
8101	136
8102	245
8103	924
8104	2556
8105	150
8106	84
8107	2610
8108	1012
8109	4054
8110	210
8111	5406
8112	8111
8113	580
8114	450
8115	8114
8116	8115
8117	2316
8118	760
8119	78
8120	1804
8121	666
8122	2628
8123	684
8124	210
8125	2031
8126	2708
8127	8126
8128	1300
8129	21
8130	2660
8131	3300
8132	276
8133	1626
8134	2711
8135	280
8136	2652
8137	4068
8138	60
8139	110
8140	333
8141	891
8142	3852
8143	1628
8144	660
8145	1068
8146	185
8147	5430
8148	2172
8149	189
8150	543
8151	8150
8152	408
8153	2172
8154	7788
8155	7958
8156	1812
8157	3705
8158	300
8159	252
8160	8159
8161	1287
8162	544
8163	1630
8164	7868
8165	2721
8166	6996
8167	8166
8168	1980
8169	1240
8170	8169
8171	2508
8172	2668
8173	2796
8174	908
8175	8174
8176	8036
8177	858
8178	2180
8179	7430
8180	180
8181	2045
8182	8181
8183	2180
8184	7548
8185	1364
8186	1272
8187	7014
8188	1300
8189	2652
8190	3720
8191	8190
8192	14
8193	14
8194	780
8195	1818
8196	7956
8197	624
8198	364
8199	7758
8200	1265
8201	210
8202	8004
8203	96
8204	5466
8205	2010
8206	2735
8207	1094
8208	924
8209	1026
8210	420
8211	8210
8212	7460
8213	180
8214	8213
8215	2346
8216	5476
8217	1027
8218	1548
8219	5478
8220	3864
8221	200
8222	756
8223	660
8224	8223
8225	2741
8226	1645
8227	8226
8228	548
8229	141
8230	180
8231	870
8232	8100
8233	396
8234	415
8235	2674
8236	180
8237	1224
8238	6580
8239	8238
8240	1830
8241	4120
8242	8060
8243	156
8244	8243
8245	3745
8246	2618
8247	8246
8248	6596
8249	828
8250	7068
8251	994
8252	5500
8253	330
8254	776
8255	1834
8256	1170
8257	21
8258	732
8259	8118
8260	8259
8261	2753
8262	60
8263	330
8264	786
8265	4132
8266	540
8267	2490
8268	6612
8269	3949
8270	1332
8271	552
8272	1015
8273	116
8274	8273
8275	396
8276	612
8277	2069
8278	420
8279	5518
8280	1596
8281	1380
8282	2760
8283	414
8284	8283
8285	786
8286	2034
8287	8286
8288	120
8289	3740
8290	1015
8291	5526
8292	561
8293	1060
8294	144
8295	78
8296	2024
8297	395
8298	6636
8299	2370
8300	2510
8301	1914
8302	8301
8303	540
8304	8303
8305	244
8306	84
8307	2016
8308	6644
8309	2660
8310	8309
8311	1510
8312	5538
8313	900
8314	2556
8315	264
8316	1663
8317	2079
8318	1108
8319	910
8320	1188
8321	903
8322	440
8323	1664
8324	890
8325	2081
8326	8325
8327	60
8328	444
8329	1388
8330	693
8331	1666
8332	2628
8333	100
8334	1428
8335	2730
8336	5556
8337	1042
8338	1540
8339	72
8340	7692
8341	1191
8342	1353
8343	3220
8344	180
8345	2781
8346	1669
8347	8346
8348	156
8349	1363
8350	2783
8351	2628
8352	8351
8353	48
8354	464
8355	210
8356	3928
8357	927
8358	2228
8359	684
8360	5572
8361	121
8362	2388
8363	740
8364	2716
8365	697
8366	780
8367	1008
8368	6692
8369	2388
8370	990
8371	2790
8372	124
8373	392
8374	8373
8375	1860
8376	1794
8377	3805
8378	1116
8379	1932
8380	8379
8381	180
8382	8381
8383	2868
8384	5346
8385	510
8386	540
8387	5590
8388	60
8389	441
8390	552
8391	2064
8392	2580
8393	372
8394	8393
8395	2754
8396	672
8397	3597
8398	6716
8399	2540
8400	2756
8401	2054
8402	933
8403	168
8404	7203
8405	516
8406	1681
8407	616
8408	1044
8409	825
8410	3795
8411	198
8412	8411
8413	240
8414	2730
8415	8414
8416	765
8417	180
8418	36
8419	518
8420	5610
8421	765
8422	8421
8423	2244
8424	3960
8425	3444
8426	340
8427	7974
8428	6740
8429	936
8430	2684
8431	648
8432	90
8433	562
8434	8300
8435	5622
8436	1687
8437	4117
8438	4500
8439	1446
8440	2813
8441	120
8442	8441
8443	1020
8444	72
8445	4222
8446	126
8447	5628
8448	180
8449	690
8450	455
8451	8450
8452	8451
8453	924
8454	1820
8455	342
8456	1878
8457	1950
8458	792
8459	5638
8460	3624
8461	1410
8462	564
8463	1690
8464	2821
8465	135
8466	8465
8467	1740
8468	564
8469	4234
8470	2604
8471	5646
8472	8471
8473	242
8474	804
8475	664
8476	330
8477	2825
8478	452
8479	2730
8480	1884
8481	3633
8482	8481
8483	84
8484	7866
8485	595
8486	2828
8487	7710
8488	240
8489	2829
8490	8489
8491	8490
8492	72
8493	1092
8494	2831
8495	1212
8496	7836
8497	4248
8498	1020
8499	2706
8500	1045
8501	1416
8502	7266
8503	3204
8504	436
8505	261
8506	8505
8507	2756
8508	820
8509	120
8510	60
8511	8510
8512	8204
8513	2260
8514	8513
8515	258
8516	270
8517	2129
8518	6812
8519	90
8520	7740
8521	1420
8522	396
8523	972
8524	8523
8525	2841
8526	3944
8527	8526
8528	756
8529	2070
8530	2436
8531	2530
8532	420
8533	1706
8534	1422
8535	1950
8536	308
8537	270
8538	220
8539	8538
8540	5692
8541	1260
8542	485
8543	264
8544	915
8545	4081
8546	945
8547	8546
8548	1572
8549	1380
8550	8549
8551	2436
8552	5700
8553	620
8554	2851
8555	5700
8556	840
8557	234
8558	324
8559	778
8560	936
8561	876
8562	8561
8563	850
8564	2580
8565	3669
8566	2772
8567	1142
8568	1628
8569	1071
8570	196
8571	420
8572	195
8573	252
8574	7908
8575	7790
8576	5716
8577	252
8578	828
8579	126
8580	8579
8581	8515
8582	2859
8583	858
8584	8583
8585	1392
8586	1110
8587	30
8588	380
8589	1056
8590	4180
8591	2706
8592	8591
8593	2940
8594	168
8595	8594
8596	955
8597	260
8598	180
8599	518
8600	252
8601	4233
8602	8601
8603	180
8604	8603
8605	2151
8606	478
8607	7374
8608	780
8609	1434
8610	528
8611	184
8612	5740
8613	390
8614	3498
8615	5742
8616	1723
8617	1359
8618	2292
8619	7830
8620	8619
8621	2460
8622	1400
8623	1724
8624	5748
8625	4209
8626	2652
8627	5670
8628	168
8629	4314
8630	1305
8631	210
8632	2820
8633	2300
8634	2780
8635	2466
8636	900
8637	4125
8638	460
8639	2652
8640	8388
8641	785
8642	822
8643	576
8644	8468
8645	168
8646	1729
8647	2882
8648	288
8649	1848
8650	8649
8651	234
8652	7260
8653	1730
8654	576
8655	1638
8656	618
8657	2772
8658	2308
8659	8658
8660	550
8661	2165
8662	4072
8663	60
8664	8663
8665	420
8666	468
8667	8666
8668	6932
8669	2889
8670	7428
8671	2890
8672	1380
8673	1734
8674	1845
8675	5782
8676	8675
8677	396
8678	132
8679	680
8680	2893
8681	963
8682	4272
8683	660
8684	2478
8685	1315
8686	8372
8687	5790
8688	6900
8689	2172
8690	2895
8691	1140
8692	2897
8693	180
8694	8693
8695	8694
8696	40
8697	4348
8698	420
8699	1932
8700	476
8701	290
8702	2900
8703	6844
8704	2652
8705	828
8706	8316
8707	7910
8708	756
8709	2177
8710	2903
8711	5806
8712	1170
8713	40
8714	468
8715	700
8716	8715
8717	444
8718	1580
8719	3588
8720	5812
8721	4293
8722	8721
8723	332
8724	1071
8725	4362
8726	276
8727	2810
8728	6980
8729	2530
8730	312
8731	306
8732	388
8733	996
8734	213
8735	5814
8736	8735
8737	2150
8738	580
8739	8738
8740	3390
8741	2913
8742	8741
8743	402
8744	924
8745	4372
8746	583
8747	1176
8748	6996
8749	2187
8750	153
8751	1260
8752	4180
8753	1164
8754	60
8755	8754
8756	672
8757	4305
8758	140
8759	5838
8760	8759
8761	1251
8762	1305
8763	350
8764	4120
8765	2921
8766	8556
8767	2156
8768	996
8769	1260
8770	111
8771	5844
8772	780
8773	1540
8774	2924
8775	396
8776	2925
8777	2925
8778	7020
8779	720
8780	1950
8781	1032
8782	96
8783	2340
8784	2660
8785	4392
8786	2928
8787	8786
8788	180
8789	270
8790	8789
8791	1758
8792	1172
8793	1758
8794	1428
8795	60
8796	3759
8797	72
8798	264
8799	8798
8800	8799
8801	419
8802	8484
8803	3012
8804	5868
8805	2201
8806	400
8807	306
8808	540
8809	1443
8810	2514
8811	8646
8812	8811
8813	2300
8814	8813
8815	2040
8816	5868
8817	1140
8818	7052
8819	5878
8820	1420
8821	3828
8822	735
8823	1764
8824	1260
8825	468
8826	4176
8827	966
8828	1060
8829	4414
8830	981
8831	2436
8832	4152
8833	1766
8834	60
8835	8834
8836	860
8837	476
8838	300
8839	8030
8840	2870
8841	884
8842	2947
8843	2340
8844	4224
8845	2394
8846	2948
8847	2040
8848	7076
8849	1384
8850	2010
8851	570
8852	210
8853	118
8854	2951
8855	5902
8856	99
8857	4428
8858	236
8859	7590
8860	1932
8861	1335
8862	8604
8863	1770
8864	2790
8865	2216
8866	888
8867	176
8868	7092
8869	2217
8870	162
8871	182
8872	260
8873	156
8874	8873
8875	8874
8876	240
8877	360
8878	1716
8879	5916
8880	1218
8881	1480
8882	190
8883	360
8884	324
8885	2961
8886	8196
8887	2538
8888	780
8889	2142
8890	8492
8891	5926
8892	8891
8893	1778
8894	2310
8895	8894
8896	1779
8897	2961
8898	7116
8899	666
8900	696
8901	3813
8902	234
8903	2372
8904	8903
8905	4045
8906	2967
8907	8694
8908	1524
8909	2969
8910	8772
8911	350
8912	228
8913	220
8914	8913
8915	282
8916	1620
8917	1048
8918	140
8919	8918
8920	8919
8921	468
8922	7644
8923	1148
8924	1980
8925	2058
8926	8925
8927	540
8928	7140
8929	1275
8930	992
8931	1092
8932	8931
8933	132
8934	1400
8935	8798
8936	396
8937	2190
8938	300
8939	2900
8940	8460
8941	2235
8942	993
8943	252
8944	720
8945	66
8946	8945
8947	308
8948	596
8949	1355
8950	2556
8951	216
8952	8951
8953	1790
8954	322
8955	8954
8956	8955
8957	852
8958	7164
8959	1980
8960	180
8961	4480
8962	8961
8963	2380
8964	588
8965	2241
8966	483
8967	8814
8968	840
8969	996
8970	8969
8971	870
8972	460
8973	144
8974	4420
8975	480
8976	8652
8977	690
8978	36
8979	8978
8980	8979
8981	2993
8982	770
8983	898
8984	364
8985	120
8986	1797
8987	5988
8988	7180
8989	4494
8990	1380
8991	8990
8992	1281
8993	180
8994	529
8995	8994
8996	666
8997	4257
8998	1740
8999	1284
9000	1460
9001	4393
9002	88
9003	138
9004	8180
9005	2772
9006	1230
9007	9006
9008	300
9009	1463
9010	972
9011	2002
9012	8844
9013	1020
9014	429
9015	8140
9016	36
9017	3005
9018	2404
9019	2120
9020	858
9021	451
9022	9021
9023	600
9024	9023
9025	1504
9026	1365
9027	7734
9028	572
9029	924
9030	9029
9031	602
9032	1998
9033	1806
9034	924
9035	2844
9036	4248
9037	260
9038	120
9039	9038
9040	8900
9041	420
9042	8268
9043	1808
9044	6028
9045	4522
9046	2964
9047	324
9048	1380
9049	4524
9050	201
9051	8646
9052	420
9053	280
9054	612
9055	396
9056	2012
9057	1479
9058	7244
9059	180
9060	9059
9061	151
9062	2586
9063	1750
9064	3021
9065	159
9066	1813
9067	3022
9068	60
9069	3885
9070	240
9071	6046
9072	9071
9073	3420
9074	2882
9075	9074
9076	81
9077	336
9078	2420
9079	2970
9080	6052
9081	420
9082	4420
9083	516
9084	8820
9085	2271
9086	144
9087	712
9088	2420
9089	738
9090	7644
9091	9090
9092	1260
9093	1818
9094	2796
9095	966
9096	9095
9097	924
9098	1212
9099	2930
9100	337
9101	3033
9102	2988
9103	60
9104	408
9105	4485
9106	3035
9107	2796
9108	7284
9109	414
9110	3036
9111	612
9112	3037
9113	4860
9114	460
9115	9114
9116	2958
9117	2279
9118	780
9119	2026
9120	660
9121	504
9122	3039
9123	220
9124	560
9125	390
9126	9125
9127	3042
9128	152
9129	1141
9130	2790
9131	2028
9132	3912
9133	420
9134	1522
9135	9134
9136	330
9137	1015
9138	280
9139	2604
9140	6084
9141	450
9142	8924
9143	572
9144	223
9145	2286
9146	132
9147	8310
9148	7316
9149	477
9150	1260
9151	3050
9152	6100
9153	1044
9154	3051
9155	1432
9156	9155
9157	4578
9158	180
9159	2112
9160	1308
9161	980
9162	450
9163	610
9164	740
9165	4582
9166	8756
9167	144
9168	288
9169	4165
9170	3056
9171	1834
9172	984
9173	2444
9174	7860
9175	8990
9176	6114
9177	2294
9178	7340
9179	420
9180	8340
9181	420
9182	765
9183	1836
9184	9183
9185	156
9186	1837
9187	2898
9188	2100
9189	2024
9190	1021
9191	2780
9192	740
9193	1838
9194	3051
9195	1260
9196	8996
9197	3065
9198	564
9199	3066
9200	2044
9201	920
9202	3570
9203	204
9204	1131
9205	1120
9206	1368
9207	9206
9208	28
9209	876
9210	2268
9211	234
9212	66
9213	660
9214	9213
9215	6142
9216	3948
9217	1152
9218	1228
9219	9078
9220	1317
9221	99
9222	9221
9223	120
9224	420
9225	873
9226	369
9227	2050
9228	7380
9229	4614
9230	876
9231	9230
9232	2988
9233	2460
9234	4524
9235	990
9236	2990
9237	84
9238	2460
9239	2052
9240	4344
9241	1155
9242	300
9243	1848
9244	414
9245	1027
9246	820
9247	9246
9248	612
9249	2262
9250	948
9251	330
9252	319
9253	1850
9254	990
9255	3034
9256	9116
9257	1320
9258	3036
9259	3086
9260	6172
9261	2315
9262	3087
9263	180
9264	4560
9265	1323
9266	420
9267	602
9268	420
9269	2988
9270	403
9271	1030
9272	882
9273	1854
9274	4360
9275	2052
9276	8556
9277	4638
9278	1236
9279	120
9280	3036
9281	2948
9282	4392
9283	3588
9284	6186
9285	1495
9286	378
9287	60
9288	7420
9289	42
9290	1405
9291	728
9292	3097
9293	348
9294	9293
9295	448
9296	6196
9297	581
9298	7436
9299	6198
9300	498
9301	990
9302	468
9303	1830
9304	4444
9305	3101
9306	9036
9307	2658
9308	72
9309	2327
9310	504
9311	6204
9312	8460
9313	1850
9314	2658
9315	2148
9316	25
9317	3105
9318	7452
9319	9318
9320	36
9321	3993
9322	3060
9323	140
9324	2996
9325	1096
9326	1036
9327	2970
9328	60
9329	1035
9330	1012
9331	3110
9332	1244
9333	1866
9334	4240
9335	42
9336	9335
9337	4585
9338	2460
9339	8838
9340	849
9341	2868
9342	312
9343	450
9344	6228
9345	1415
9346	1869
9347	330
9348	1068
9349	1335
9350	2970
9351	9350
9352	9164
9353	28
9354	8628
9355	1144
9356	810
9357	2339
9358	1764
9359	1464
9360	9359
9361	96
9362	6162
9363	3180
9364	1020
9365	3120
9366	9365
9367	780
9368	156
9369	190
9370	2676
9371	6246
9372	9371
9373	3564
9374	1041
9375	9374
9376	232
9377	414
9378	220
9379	9378
9380	468
9381	144
9382	9044
9383	828
9384	4011
9385	4658
9386	3128
9387	9386
9388	1500
9389	1420
9390	2310
9391	2682
9392	6258
9393	408
9394	9393
9395	6262
9396	1386
9397	1566
9398	1068
9399	254
9400	1220
9401	174
9402	1343
9403	94
9404	6268
9405	237
9406	2892
9407	2090
9408	1820
9409	1515
9410	360
9411	4060
9412	672
9413	100
9414	1155
9415	990
9416	6276
9417	2286
9418	7532
9419	132
9420	9419
9421	4633
9422	285
9423	942
9424	4600
9425	1020
9426	8076
9427	2216
9428	2508
9429	774
9430	9429
9431	6286
9432	8700
9433	2940
9434	45
9435	9434
9436	2324
9437	1566
9438	300
9439	1022
9440	420
9441	4641
9442	9020
9443	2516
9444	200
9445	726
9446	3147
9447	8094
9448	7556
9449	3149
9450	9449
9451	230
9452	2100
9453	396
9454	36
9455	570
9456	9455
9457	4728
9458	48
9459	9458
9460	9459
9461	312
9462	1036
9463	1890
9464	6300
9465	4521
9466	430
9467	6310
9468	540
9469	2282
9470	1537
9471	1380
9472	2988
9473	420
9474	9473
9475	2706
9476	6316
9477	1435
9478	296
9479	770
9480	9479
9481	1551
9482	42
9483	1896
9484	972
9485	3161
9486	1860
9487	9486
9488	220
9489	4065
9490	9489
9491	36
9492	4620
9493	1898
9494	3164
9495	2232
9496	1356
9497	972
9498	1820
9499	2860
9500	6330
9501	4750
9502	3060
9503	180
9504	3116
9505	4752
9506	288
9507	9506
9508	7604
9509	132
9510	180
9511	9086
9512	744
9513	190
9514	9308
9515	6342
9516	1903
9517	1359
9518	2484
9519	9518
9520	312
9521	720
9522	4692
9523	438
9524	906
9525	1547
9526	9525
9527	252
9528	612
9529	2088
9530	794
9531	8148
9532	8660
9533	20
9534	9108
9535	9534
9536	324
9537	4768
9538	180
9539	6358
9540	9539
9541	1590
9542	106
9543	3460
9544	3181
9545	900
9546	4488
9547	390
9548	396
9549	546
9550	9380
9551	6366
9552	4092
9553	382
9554	480
9555	2352
9556	1316
9557	1012
9558	2548
9559	78
9560	6372
9561	2390
9562	2940
9563	600
9564	770
9565	4140
9566	546
9567	8892
9568	308
9569	3189
9570	9569
9571	9570
9572	2124
9573	1092
9574	4660
9575	2940
9576	1740
9577	4717
9578	1276
9579	9578
9580	1848
9581	1596
9582	9581
9583	1916
9584	6388
9585	2310
9586	504
9587	1230
9588	1740
9589	105
9590	1065
9591	9590
9592	3197
9593	2556
9594	8220
9595	3090
9596	6396
9597	1128
9598	1740
9599	2106
9600	1179
9601	420
9602	1548
9603	3652
9604	9603
9605	126
9606	565
9607	3202
9608	60
9609	4365
9610	9609
9611	1036
9612	4692
9613	1920
9614	168
9615	660
9616	9615
9617	1068
9618	7692
9619	9618
9620	2860
9621	945
9622	2748
9623	2564
9624	828
9625	1203
9626	990
9627	2220
9628	7700
9629	2730
9630	9629
9631	2040
9632	2140
9633	1926
9634	741
9635	6420
9636	4128
9637	1606
9638	80
9639	1170
9640	2964
9641	1071
9642	365
9643	252
9644	102
9645	2411
9646	1900
9647	1044
9648	904
9649	4609
9650	306
9651	9650
9652	1584
9653	180
9654	224
9655	3218
9656	260
9657	165
9658	7724
9659	1564
9660	9659
9661	9591
9662	252
9663	1930
9664	150
9665	1512
9666	8916
9667	9666
9668	644
9669	2370
9670	2378
9671	102
9672	8932
9673	468
9674	403
9675	8790
9676	1044
9677	1075
9678	1092
9679	744
9680	6426
9681	4581
9682	4488
9683	2580
9684	9540
9685	1383
9686	1465
9687	9686
9688	500
9689	3228
9690	9689
9691	1938
9692	420
9693	1938
9694	9693
9695	770
9696	9695
9697	140
9698	516
9699	648
9700	3060
9701	1036
9702	9701
9703	194
9704	6468
9705	2238
9706	4002
9707	6462
9708	440
9709	809
9710	3236
9711	1942
9712	9711
9713	180
9714	9713
9715	3238
9716	168
9717	2429
9718	1716
9719	90
9720	4164
9721	2430
9722	405
9723	648
9724	3241
9725	1080
9726	9516
9727	924
9728	648
9729	2432
9730	420
9731	996
9732	9731
9733	152
9734	306
9735	9734
9736	1947
9737	3245
9738	180
9739	3246
9740	210
9741	330
9742	9741
9743	72
9744	8988
9745	4872
9746	198
9747	2400
9748	1668
9749	528
9750	360
9751	9750
9752	2940
9753	3772
9754	9753
9755	1392
9756	3204
9757	468
9758	1300
9759	336
9760	9620
9761	216
9762	8364
9763	140
9764	1034
9765	435
9766	3255
9767	1528
9768	7812
9769	465
9770	996
9771	9770
9772	9771
9773	2604
9774	185
9775	602
9776	882
9777	4888
9778	7820
9779	780
9780	9779
9781	45
9782	815
9783	84
9784	4600
9785	740
9786	9785
9787	9108
9788	1260
9789	2447
9790	2796
9791	3180
9792	9791
9793	1958
9794	51
9795	9270
9796	1020
9797	930
9798	7836
9799	9798
9800	138
9801	288
9802	9801
9803	2612
9804	4200
9805	4902
9806	363
9807	8910
9808	7844
9809	3012
9810	9372
9811	2802
9812	210
9813	650
9814	387
9815	2178
9816	9636
9817	2366
9818	120
9819	2412
9820	4780
9821	3273
9822	9060
9823	982
9824	1044
9825	4200
9826	532
9827	6550
9828	7860
9829	4465
9830	234
9831	9830
9832	8268
9833	396
9834	3220
9835	264
9836	3198
9837	4845
9838	7860
9839	234
9840	2980
9841	1640
9842	6561
9843	140
9844	3281
9845	193
9846	336
9847	9614
9848	300
9849	4924
9850	3283
9851	990
9852	360
9853	3372
9854	821
9855	9854
9856	4708
9857	657
9858	876
9859	9858
9860	156
9861	90
9862	4455
9863	2620
9864	9863
9865	90
9866	3288
9867	8454
9868	7892
9869	504
9870	9869
9871	3114
9872	1316
9873	3580
9874	420
9875	3164
9876	9875
9877	1646
9878	876
9879	858
9880	3293
9881	2820
9882	9881
9883	3828
9884	2990
9885	2418
9886	664
9887	2028
9888	420
9889	824
9890	1557
9891	390
9892	135
9893	2636
9894	9660
9895	240
9896	2196
9897	1237
9898	1908
9899	6598
9900	9132
9901	4950
9902	660
9903	232
9904	308
9905	210
9906	50
9907	9906
9908	60
9909	1332
9910	367
9911	6606
9912	3220
9913	30
9914	1101
9915	1950
9916	354
9917	50
9918	7932
9919	9758
9920	776
9921	2480
9922	3307
9923	756
9924	407
9925	4741
9926	1524
9927	9926
9928	3420
9929	3309
9930	8508
9931	3310
9932	6618
9933	238
9934	9933
9935	3204
9936	320
9937	1992
9938	1300
9939	1380
9940	1632
9941	6486
9942	1218
9943	240
9944	2838
9945	4972
9946	9945
9947	1044
9948	1892
9949	2450
9950	495
9951	8526
9952	3060
9953	884
9954	4680
9955	462
9956	6636
9957	4978
9958	852
9959	6636
9960	9959
9961	905
9962	532
9963	1990
9964	9963
9965	36
9966	1179
9967	1070
9968	2652
9969	4984
9970	364
9971	1496
9972	1260
9973	1994
9974	180
9975	9974
9976	70
9977	369
9978	204
9979	2850
9980	6652
9981	4990
9982	9981
9983	2420
9984	4860
9985	1575
9986	948
9987	9986
9988	920
9989	3329
9990	9989
9991	546
9992	2220
9993	228
9994	4290
9995	2220
9996	9995
9997	2499
9998	140
9999	9998
10000	102